1744279921663 0.7131619453430176 0
1744279921678 0.6923902630805969 1
1744279921690 0.6845898628234863 2
1744279921703 0.6801981925964355 3
1744279921715 0.6788356304168701 4
1744279921727 0.6768205761909485 5
1744279921740 0.6753990054130554 6
1744279921751 0.6741451621055603 7
1744279921764 0.6726845502853394 8
1744279921775 0.6717033982276917 9
1744279921788 0.6711533069610596 10
1744279921799 0.6696891784667969 11
1744279921810 0.6682121157646179 12
1744279921821 0.6667166948318481 13
1744279921832 0.6661633849143982 14
