1744279921656 0.4285714328289032 0
1744279921671 0.5204081535339355 1
1744279921684 0.581632673740387 2
1744279921696 0.5357142686843872 3
1744279921709 0.5408163070678711 4
1744279921721 0.581632673740387 5
1744279921733 0.5714285969734192 6
1744279921745 0.5714285969734192 7
1744279921758 0.581632673740387 8
1744279921770 0.581632673740387 9
1744279921781 0.5918367505073547 10
1744279921793 0.6122449040412903 11
1744279921804 0.6122449040412903 12
1744279921816 0.6122449040412903 13
1744279921827 0.6173469424247742 14
