1744881594121 0.5583756566047668 0
1744881594136 0.5329949259757996 1
1744881594153 0.5634517669677734 2
1744881594167 0.5685279369354248 3
1744881594181 0.5685279369354248 4
1744881594194 0.5583756566047668 5
1744881594207 0.5634517669677734 6
1744881594219 0.5634517669677734 7
1744881594232 0.5634517669677734 8
1744881594244 0.5685279369354248 9
1744881594256 0.5634517669677734 10
1744881594269 0.5634517669677734 11
1744881594281 0.5634517669677734 12
1744881594293 0.5634517669677734 13
1744881594306 0.5634517669677734 14
1744881594318 0.5634517669677734 15
1744881594330 0.5634517669677734 16
1744881594344 0.5736040472984314 17
1744881594356 0.5634517669677734 18
1744881594369 0.5634517669677734 19
