1744881594129 0.691524088382721 0
1744881594146 0.6918324828147888 1
1744881594160 0.6901804208755493 2
1744881594175 0.6895686984062195 3
1744881594188 0.6879725456237793 4
1744881594200 0.6863778829574585 5
1744881594213 0.6853988766670227 6
1744881594226 0.6892491579055786 7
1744881594238 0.6864230632781982 8
1744881594250 0.6835834980010986 9
1744881594262 0.6808317303657532 10
1744881594275 0.6829488277435303 11
1744881594287 0.6821497678756714 12
1744881594299 0.681270956993103 13
1744881594312 0.6849433183670044 14
1744881594324 0.6842134594917297 15
1744881594337 0.6818294525146484 16
1744881594350 0.6787706017494202 17
1744881594363 0.686488687992096 18
1744881594376 0.6801092624664307 19
