1744882204489 0.5279187560081482 0
1744882204504 0.5685279369354248 1
1744882204516 0.5685279369354248 2
1744882204529 0.5736040472984314 3
1744882204542 0.5736040472984314 4
1744882204557 0.5736040472984314 5
1744882204569 0.5786802172660828 6
1744882204586 0.6040608882904053 7
1744882204599 0.624365508556366 8
1744882204612 0.6091370582580566 9
1744882204624 0.624365508556366 10
1744882204638 0.6395938992500305 11
1744882204650 0.6446700692176819 12
1744882204663 0.6345177888870239 13
1744882204675 0.6294416189193726 14
1744882204687 0.6345177888870239 15
1744882204700 0.6497461795806885 16
1744882204712 0.6294416189193726 17
1744882204725 0.6598984599113464 18
1744882204739 0.6345177888870239 19
1744882204752 0.6345177888870239 20
1744882204765 0.6446700692176819 21
1744882204778 0.6598984599113464 22
1744882204801 0.6497461795806885 23
