1744882204497 0.6928455233573914 0
1744882204510 0.6900846362113953 1
1744882204523 0.6862180829048157 2
1744882204535 0.682940661907196 3
1744882204548 0.6787750720977783 4
1744882204563 0.6775264739990234 5
1744882204577 0.6672253012657166 6
1744882204593 0.6661463975906372 7
1744882204606 0.6629147529602051 8
1744882204618 0.6612182259559631 9
1744882204631 0.6570019125938416 10
1744882204644 0.6554992198944092 11
1744882204656 0.6497102975845337 12
1744882204669 0.6510042548179626 13
1744882204681 0.6519850492477417 14
1744882204694 0.6453719139099121 15
1744882204706 0.6390716433525085 16
1744882204719 0.6480655074119568 17
1744882204732 0.6458261609077454 18
1744882204745 0.6481873989105225 19
1744882204759 0.6470054984092712 20
1744882204772 0.6335142850875854 21
1744882204785 0.6319764852523804 22
1744882204811 0.6291033625602722 23
