1744282503261 0.7560162544250488 0
1744282503272 0.7209879755973816 1
1744282503284 0.7086310386657715 2
1744282503294 0.6993905901908875 3
1744282503304 0.6932162642478943 4
1744282503315 0.6983733177185059 5
1744282503325 0.6762171387672424 6
1744282503334 0.6849808096885681 7
1744282503344 0.6911771297454834 8
1744282503354 0.6867969036102295 9
1744282503363 0.681303083896637 10
1744282503373 0.6831765174865723 11
1744282503382 0.682978093624115 12
1744282503392 0.691437840461731 13
1744282503401 0.6945094466209412 14
1744282503410 0.680097758769989 15
1744282503419 0.6745725870132446 16
1744282503429 0.6958686709403992 17
1744282503438 0.6712822318077087 18
1744282503448 0.6888976097106934 19
1744282503457 0.6875190734863281 20
1744282503468 0.6757211685180664 21
1744282503478 0.6876236796379089 22
1744282503487 0.6878240704536438 23
1744282503496 0.6775107979774475 24
1744282503506 0.6904497146606445 25
