1744367594017 0.6923729181289673 0
1744367594027 0.6918678879737854 1
1744367594039 0.6900890469551086 2
1744367594047 0.6895338892936707 3
1744367594056 0.6885508298873901 4
1744367594064 0.6863952279090881 5
1744367594072 0.6857748031616211 6
1744367594081 0.6849218010902405 7
1744367594090 0.6833697557449341 8
1744367594098 0.6802104711532593 9
1744367594107 0.6808541417121887 10
1744367594115 0.6786141991615295 11
1744367594124 0.6802811026573181 12
1744367594134 0.6761554479598999 13
1744367594144 0.675301730632782 14
1744367594154 0.6747797727584839 15
1744367594163 0.6722662448883057 16
1744367594171 0.6700544953346252 17
1744367594180 0.6722521185874939 18
1744367594188 0.6722197532653809 19
1744367594195 0.6675296425819397 20
