1744367594011 0.5685279369354248 0
1744367594022 0.5329949259757996 1
1744367594034 0.5837563276290894 2
1744367594043 0.5634517669677734 3
1744367594052 0.5583756566047668 4
1744367594060 0.5786802172660828 5
1744367594068 0.5685279369354248 6
1744367594076 0.5685279369354248 7
1744367594086 0.5736040472984314 8
1744367594094 0.5786802172660828 9
1744367594102 0.5685279369354248 10
1744367594111 0.5685279369354248 11
1744367594120 0.5736040472984314 12
1744367594129 0.5888324975967407 13
1744367594140 0.5736040472984314 14
1744367594149 0.5888324975967407 15
1744367594158 0.5888324975967407 16
1744367594167 0.5786802172660828 17
1744367594176 0.5786802172660828 18
1744367594184 0.5736040472984314 19
1744367594192 0.5989847779273987 20
