1744882167865 0.6928344368934631 0
1744882167884 0.6935662627220154 1
1744882167912 0.6931095123291016 2
1744882167932 0.6926418542861938 3
1744882167960 0.6928459405899048 4
1744882167977 0.6926146149635315 5
1744882168002 0.6923184394836426 6
1744882168020 0.6923359036445618 7
1744882168033 0.6924487352371216 8
1744882168046 0.6923538446426392 9
1744882168061 0.6920855641365051 10
1744882168139 0.6917874813079834 11
1744882168167 0.6916676759719849 12
1744882168184 0.6918487548828125 13
1744882168199 0.6915668249130249 14
1744882168215 0.6915785670280457 15
1744882168231 0.6910914182662964 16
1744882168247 0.6918070912361145 17
1744882168260 0.6912463307380676 18
1744882168274 0.6913765072822571 19
1744882168287 0.6913249492645264 20
1744882168301 0.690675675868988 21
1744882168313 0.6908209323883057 22
1744882168326 0.691002368927002 23
1744882168340 0.6904411315917969 24
