1744882167845 0.46700507402420044 0
1744882167874 0.4517766535282135 1
1744882167894 0.5380710363388062 2
1744882167922 0.6091370582580566 3
1744882167951 0.5431472063064575 4
1744882167969 0.5685279369354248 5
1744882167993 0.5736040472984314 6
1744882168011 0.5786802172660828 7
1744882168026 0.5786802172660828 8
1744882168039 0.5685279369354248 9
1744882168053 0.5685279369354248 10
1744882168081 0.6142131686210632 11
1744882168152 0.5736040472984314 12
1744882168175 0.5736040472984314 13
1744882168191 0.5888324975967407 14
1744882168207 0.5786802172660828 15
1744882168223 0.5939086079597473 16
1744882168239 0.5685279369354248 17
1744882168254 0.5736040472984314 18
1744882168267 0.5736040472984314 19
1744882168281 0.5786802172660828 20
1744882168294 0.5837563276290894 21
1744882168307 0.5786802172660828 22
1744882168320 0.5685279369354248 23
1744882168333 0.5736040472984314 24
