1744281858748 0.4285714328289032 0
1744281858760 0.4693877696990967 1
1744281858775 0.5306122303009033 2
1744281858788 0.5408163070678711 3
1744281858798 0.5204081535339355 4
1744281858809 0.5357142686843872 5
1744281858823 0.5612244606018066 6
1744281858842 0.545918345451355 7
1744281858853 0.5612244606018066 8
1744281858862 0.5663265585899353 9
1744281858874 0.5867347121238708 10
1744281858884 0.5510203838348389 11
1744281858893 0.5663265585899353 12
1744281858902 0.5510203838348389 13
1744281858912 0.5561224222183228 14
1744281858922 0.5408163070678711 15
