1744281858754 0.7143226265907288 0
1744281858768 0.7099751830101013 1
1744281858781 0.6984104514122009 2
1744281858793 0.6890166401863098 3
1744281858803 0.6904474496841431 4
1744281858818 0.6888411641120911 5
1744281858836 0.6795443892478943 6
1744281858847 0.6846864819526672 7
1744281858857 0.6901494860649109 8
1744281858869 0.6800809502601624 9
1744281858879 0.676875650882721 10
1744281858888 0.6854783892631531 11
1744281858897 0.6824241280555725 12
1744281858907 0.6751274466514587 13
1744281858917 0.683182954788208 14
1744281858927 0.6795341968536377 15
