1744397021235 0.5736040472984314 0
1744397021248 0.5380710363388062 1
1744397021259 0.5786802172660828 2
1744397021270 0.5380710363388062 3
1744397021280 0.5736040472984314 4
1744397021290 0.5837563276290894 5
1744397021300 0.5685279369354248 6
1744397021310 0.5837563276290894 7
1744397021321 0.5989847779273987 8
1744397021331 0.5939086079597473 9
1744397021341 0.5634517669677734 10
1744397021351 0.5634517669677734 11
1744397021360 0.5888324975967407 12
1744397021370 0.5634517669677734 13
1744397021380 0.5736040472984314 14
1744397021390 0.5736040472984314 15
1744397021400 0.5634517669677734 16
1744397021409 0.5685279369354248 17
