1744397021242 0.6927645206451416 0
1744397021253 0.692667543888092 1
1744397021265 0.692318320274353 2
1744397021275 0.6917876601219177 3
1744397021285 0.6917797923088074 4
1744397021295 0.6904107332229614 5
1744397021305 0.6909059882164001 6
1744397021315 0.6904974579811096 7
1744397021326 0.6895936131477356 8
1744397021336 0.6893455982208252 9
1744397021346 0.6909530758857727 10
1744397021355 0.6902492642402649 11
1744397021365 0.6892285943031311 12
1744397021375 0.6898257732391357 13
1744397021385 0.689300537109375 14
1744397021395 0.688761830329895 15
1744397021405 0.6880953311920166 16
1744397021414 0.6878600716590881 17
