1744712302498 0.5482233762741089 0
1744712302508 0.5634517669677734 1
1744712302518 0.5736040472984314 2
1744712302528 0.5685279369354248 3
1744712302536 0.5583756566047668 4
1744712302545 0.5583756566047668 5
1744712302553 0.5532994866371155 6
1744712302561 0.5685279369354248 7
1744712302570 0.5685279369354248 8
1744712302579 0.5736040472984314 9
1744712302587 0.5685279369354248 10
1744712302596 0.5634517669677734 11
1744712302605 0.5685279369354248 12
1744712302614 0.5532994866371155 13
1744712302625 0.5736040472984314 14
1744712302635 0.5685279369354248 15
1744712302645 0.5989847779273987 16
1744712302655 0.5736040472984314 17
