1744712302503 0.6929455995559692 0
1744712302514 0.6923693418502808 1
1744712302523 0.6916238069534302 2
1744712302532 0.6910051107406616 3
1744712302540 0.6904209852218628 4
1744712302549 0.6899867057800293 5
1744712302557 0.6888027787208557 6
1744712302565 0.6883800029754639 7
1744712302574 0.6881587505340576 8
1744712302583 0.6870846152305603 9
1744712302592 0.6863503456115723 10
1744712302600 0.6860944628715515 11
1744712302610 0.6850366592407227 12
1744712302620 0.6847707629203796 13
1744712302630 0.6838535070419312 14
1744712302640 0.6823541522026062 15
1744712302650 0.681877851486206 16
1744712302659 0.6810225248336792 17
