1744282249771 0.8469049334526062 0
1744282249784 0.8434763550758362 1
1744282249794 0.7847580313682556 2
1744282249804 0.7478073835372925 3
1744282249814 0.7501335144042969 4
1744282249823 0.7349421381950378 5
1744282249832 0.7254050374031067 6
1744282249842 0.7124120593070984 7
1744282249852 0.7200512886047363 8
1744282249861 0.7072161436080933 9
1744282249870 0.7046695351600647 10
1744282249879 0.7106888294219971 11
1744282249888 0.7047373056411743 12
1744282249898 0.6889148354530334 13
1744282249907 0.6844647526741028 14
1744282249916 0.6901372671127319 15
1744282249924 0.6886225938796997 16
1744282249933 0.6921135783195496 17
1744282249942 0.6890729069709778 18
1744282249952 0.6853042244911194 19
1744282249961 0.6891380548477173 20
1744282249971 0.6799797415733337 21
1744282249980 0.6974583864212036 22
1744282249988 0.6922300457954407 23
