1743763313906 0.6959500312805176 0
1743763313915 0.6708804368972778 1
1743763313924 0.6472776532173157 2
1743763313934 0.6401883363723755 3
1743763313942 0.6265854835510254 4
1743763313952 0.605408787727356 5
1743763313961 0.6030932664871216 6
1743763313970 0.595664381980896 7
1743763313979 0.5884872674942017 8
1743763313988 0.5834593772888184 9
1743763313997 0.6036712527275085 10
1743763314007 0.5816757082939148 11
1743763314019 0.5607958436012268 12
1743763314027 0.5255582928657532 13
1743763314036 0.569244384765625 14
1743763314044 0.547940194606781 15
1743763314052 0.5737621188163757 16
1743763314061 0.534209132194519 17
1743763314070 0.5372933149337769 18
1743763314079 0.5781419277191162 19
