1743763340021 0.52173912525177 0
1743763340032 0.52173912525177 1
1743763340043 0.6086956262588501 2
1743763340052 0.695652186870575 3
1743763340061 0.6086956262588501 4
1743763340070 0.6086956262588501 5
1743763340080 0.5652173757553101 6
1743763340090 0.6086956262588501 7
1743763340100 0.52173912525177 8
1743763340109 0.695652186870575 9
1743763340118 0.6086956262588501 10
1743763340127 0.695652186870575 11
1743763340137 0.782608687877655 12
1743763340146 0.6086956262588501 13
1743763340155 0.6086956262588501 14
1743763340166 0.6086956262588501 15
1743763340176 0.782608687877655 16
1743763340185 0.6521739363670349 17
1743763340194 0.695652186870575 18
1743763340203 0.6521739363670349 19
