1743763340027 0.7125897407531738 0
1743763340038 0.6854099035263062 1
1743763340047 0.663271427154541 2
1743763340056 0.6392213702201843 3
1743763340065 0.6608795523643494 4
1743763340075 0.6503840684890747 5
1743763340085 0.6600214838981628 6
1743763340094 0.6308236718177795 7
1743763340104 0.6280149221420288 8
1743763340114 0.6089524626731873 9
1743763340122 0.6268712878227234 10
1743763340131 0.6128754019737244 11
1743763340141 0.6146693229675293 12
1743763340150 0.618923008441925 13
1743763340159 0.6078786253929138 14
1743763340171 0.615807056427002 15
1743763340180 0.5842533707618713 16
1743763340189 0.6058006286621094 17
1743763340198 0.6015748381614685 18
1743763340207 0.6337436437606812 19
