1744712223992 0.6928447484970093 0
1744712224004 0.6928680539131165 1
1744712224021 0.6920366883277893 2
1744712224034 0.6911390423774719 3
1744712224045 0.6913006901741028 4
1744712224057 0.6904076337814331 5
1744712224068 0.6893895864486694 6
1744712224079 0.6891989707946777 7
1744712224087 0.6892242431640625 8
1744712224097 0.6884990334510803 9
1744712224106 0.6888340711593628 10
1744712224115 0.6882442235946655 11
1744712224124 0.6871027946472168 12
1744712224141 0.6873558759689331 13
1744712224152 0.6871131062507629 14
1744712224164 0.6868725419044495 15
1744712224176 0.6851354241371155 16
