1744712223986 0.4974619150161743 0
1744712223998 0.5532994866371155 1
1744712224014 0.5837563276290894 2
1744712224027 0.5888324975967407 3
1744712224039 0.5786802172660828 4
1744712224051 0.5786802172660828 5
1744712224063 0.5786802172660828 6
1744712224074 0.5736040472984314 7
1744712224083 0.5736040472984314 8
1744712224092 0.5888324975967407 9
1744712224101 0.5583756566047668 10
1744712224111 0.5837563276290894 11
1744712224119 0.5736040472984314 12
1744712224128 0.5685279369354248 13
1744712224146 0.5685279369354248 14
1744712224158 0.5685279369354248 15
1744712224171 0.5736040472984314 16
