1744713055444 0.5126903653144836 0
1744713055473 0.5126903653144836 1
1744713055495 0.5939086079597473 2
1744713055511 0.6040608882904053 3
1744713055524 0.5888324975967407 4
1744713055537 0.5786802172660828 5
1744713055550 0.5634517669677734 6
1744713055564 0.5736040472984314 7
1744713055578 0.5736040472984314 8
1744713055592 0.5685279369354248 9
1744713055604 0.5786802172660828 10
1744713055617 0.5736040472984314 11
1744713055628 0.5736040472984314 12
1744713055640 0.5634517669677734 13
1744713055652 0.5786802172660828 14
1744713055664 0.5634517669677734 15
1744713055677 0.5634517669677734 16
1744713055689 0.5736040472984314 17
1744713055701 0.5583756566047668 18
1744713055713 0.5939086079597473 19
1744713055724 0.5634517669677734 20
1744713055742 0.5685279369354248 21
1744713055759 0.5685279369354248 22
1744713055773 0.5736040472984314 23
1744713055788 0.5634517669677734 24
1744713055804 0.5837563276290894 25
1744713055820 0.5736040472984314 26
1744713055837 0.5786802172660828 27
1744713055851 0.5634517669677734 28
1744713055866 0.5786802172660828 29
