1744713055459 0.6925911903381348 0
1744713055485 0.6933104991912842 1
1744713055504 0.6921702027320862 2
1744713055518 0.6912725567817688 3
1744713055530 0.6905444264411926 4
1744713055543 0.6903288960456848 5
1744713055557 0.6900860071182251 6
1744713055571 0.6887407898902893 7
1744713055584 0.6885324120521545 8
1744713055598 0.6886129379272461 9
1744713055611 0.687764048576355 10
1744713055623 0.6870083212852478 11
1744713055634 0.6861299872398376 12
1744713055646 0.6867164373397827 13
1744713055658 0.685034990310669 14
1744713055670 0.6842987537384033 15
1744713055683 0.6843087673187256 16
1744713055695 0.6827875375747681 17
1744713055707 0.6826291680335999 18
1744713055718 0.6807944774627686 19
1744713055730 0.6812237501144409 20
1744713055752 0.6795065402984619 21
1744713055765 0.6790779829025269 22
1744713055780 0.6781763434410095 23
1744713055796 0.6767879724502563 24
1744713055812 0.6749634742736816 25
1744713055829 0.6757926940917969 26
1744713055844 0.6756330132484436 27
1744713055859 0.6773181557655334 28
1744713055872 0.6774352192878723 29
