1744712536509 0.6916918158531189 0
1744712536523 0.6901775002479553 1
1744712536537 0.6891629695892334 2
1744712536551 0.688416600227356 3
1744712536565 0.6868790984153748 4
1744712536578 0.6857026219367981 5
1744712536591 0.6845309138298035 6
1744712536605 0.682060956954956 7
1744712536618 0.6819755434989929 8
1744712536631 0.6803059577941895 9
1744712536644 0.6800418496131897 10
1744712536656 0.6764458417892456 11
1744712536669 0.6742828488349915 12
1744712536722 0.6755309104919434 13
1744712536772 0.6733448505401611 14
1744712536801 0.6726398468017578 15
1744712536829 0.6715466380119324 16
1744712536846 0.6695528626441956 17
1744712536875 0.6686228513717651 18
1744712536891 0.669411838054657 19
