1744712536495 0.5634517669677734 0
1744712536516 0.5532994866371155 1
1744712536530 0.5786802172660828 2
1744712536543 0.5786802172660828 3
1744712536558 0.5736040472984314 4
1744712536571 0.5634517669677734 5
1744712536585 0.5634517669677734 6
1744712536598 0.5736040472984314 7
1744712536611 0.5736040472984314 8
1744712536624 0.5634517669677734 9
1744712536638 0.5634517669677734 10
1744712536650 0.5583756566047668 11
1744712536662 0.5685279369354248 12
1744712536694 0.5583756566047668 13
1744712536748 0.5888324975967407 14
1744712536788 0.5939086079597473 15
1744712536815 0.5786802172660828 16
1744712536837 0.5786802172660828 17
1744712536864 0.5989847779273987 18
1744712536885 0.6040608882904053 19
