1744401007296 0.5208333134651184 0
1744401007306 0.578125 1
1744401007317 0.6354166865348816 2
1744401007331 0.6354166865348816 3
1744401007342 0.65625 4
1744401007351 0.640625 5
1744401007361 0.6510416865348816 6
1744401007371 0.6770833134651184 7
1744401007382 0.671875 8
1744401007394 0.6666666865348816 9
1744401007403 0.6510416865348816 10
1744401007412 0.6614583134651184 11
1744401007422 0.6510416865348816 12
1744401007431 0.640625 13
1744401007440 0.6770833134651184 14
1744401007449 0.6614583134651184 15
1744401007458 0.6458333134651184 16
1744401007468 0.65625 17
1744401007477 0.6666666865348816 18
1744401007487 0.6666666865348816 19
