1744401007302 0.6878871321678162 0
1744401007312 0.6696150898933411 1
1744401007322 0.6636017560958862 2
1744401007338 0.6529255509376526 3
1744401007347 0.6445567011833191 4
1744401007356 0.6417946219444275 5
1744401007367 0.6430591940879822 6
1744401007376 0.6409903168678284 7
1744401007389 0.636785626411438 8
1744401007398 0.6363598704338074 9
1744401007408 0.637683093547821 10
1744401007417 0.6383852362632751 11
1744401007426 0.630411684513092 12
1744401007436 0.6269881129264832 13
1744401007444 0.6284043192863464 14
1744401007454 0.625802218914032 15
1744401007463 0.6220912337303162 16
1744401007473 0.6153019666671753 17
1744401007483 0.6154746413230896 18
1744401007492 0.6132023334503174 19
