1744886785472 0.5408163070678711 0
1744886785483 0.5714285969734192 1
1744886785494 0.581632673740387 2
1744886785504 0.5969387888908386 3
1744886785513 0.581632673740387 4
1744886785521 0.5765306353569031 5
1744886785530 0.581632673740387 6
1744886785538 0.5765306353569031 7
1744886785549 0.581632673740387 8
1744886785559 0.6071428656578064 9
1744886785567 0.6020408272743225 10
1744886785577 0.5765306353569031 11
1744886785592 0.6122449040412903 12
1744886785601 0.6122449040412903 13
1744886785610 0.5918367505073547 14
1744886785619 0.5714285969734192 15
1744886785628 0.5969387888908386 16
1744886785636 0.5918367505073547 17
1744886785646 0.581632673740387 18
1744886785655 0.6173469424247742 19
1744886785664 0.6020408272743225 20
1744886785674 0.6071428656578064 21
1744886785683 0.6122449040412903 22
1744886785694 0.6020408272743225 23
1744886785705 0.5969387888908386 24
1744886785715 0.5867347121238708 25
1744886785723 0.6020408272743225 26
1744886785732 0.5918367505073547 27
1744886785742 0.5918367505073547 28
