1744886785478 0.6928669810295105 0
1744886785489 0.6901907920837402 1
1744886785499 0.6898584961891174 2
1744886785508 0.6880548596382141 3
1744886785517 0.686847984790802 4
1744886785525 0.6848534345626831 5
1744886785533 0.6847163438796997 6
1744886785544 0.6823865175247192 7
1744886785554 0.6816830039024353 8
1744886785563 0.679530680179596 9
1744886785572 0.6763879656791687 10
1744886785587 0.674623966217041 11
1744886785597 0.6737009286880493 12
1744886785606 0.6741718649864197 13
1744886785615 0.6707202196121216 14
1744886785623 0.6700334548950195 15
1744886785632 0.6702226400375366 16
1744886785640 0.6681230664253235 17
1744886785650 0.6659429669380188 18
1744886785659 0.6618160605430603 19
1744886785669 0.6620854735374451 20
1744886785679 0.6628873944282532 21
1744886785689 0.6583424806594849 22
1744886785699 0.6616151928901672 23
1744886785710 0.6618376970291138 24
1744886785718 0.6606214642524719 25
1744886785727 0.655983567237854 26
1744886785737 0.6565411686897278 27
1744886785747 0.6579089760780334 28
