1744886669084 0.6922507882118225 0
1744886669100 0.6914474964141846 1
1744886669112 0.6908721923828125 2
1744886669124 0.6902316212654114 3
1744886669135 0.6896265745162964 4
1744886669144 0.6889337301254272 5
1744886669154 0.6883102655410767 6
1744886669162 0.6876622438430786 7
1744886669169 0.6868541240692139 8
1744886669177 0.6861653923988342 9
1744886669185 0.6853668093681335 10
1744886669194 0.6845616698265076 11
1744886669202 0.6837786436080933 12
1744886669211 0.6829742789268494 13
1744886669219 0.6823386549949646 14
1744886669227 0.6815765500068665 15
1744886669236 0.6808130145072937 16
1744886669244 0.6800326704978943 17
1744886669253 0.6792657971382141 18
1744886669270 0.6783711314201355 19
