1744886669073 0.5765306353569031 0
1744886669094 0.6020408272743225 1
1744886669106 0.5969387888908386 2
1744886669117 0.6020408272743225 3
1744886669129 0.5918367505073547 4
1744886669140 0.5918367505073547 5
1744886669149 0.5918367505073547 6
1744886669158 0.5918367505073547 7
1744886669166 0.5918367505073547 8
1744886669173 0.6020408272743225 9
1744886669181 0.6020408272743225 10
1744886669190 0.6071428656578064 11
1744886669198 0.6020408272743225 12
1744886669207 0.6020408272743225 13
1744886669215 0.6071428656578064 14
1744886669223 0.6071428656578064 15
1744886669232 0.6071428656578064 16
1744886669240 0.6071428656578064 17
1744886669248 0.6071428656578064 18
1744886669263 0.6071428656578064 19
