1744282529737 0.4336734712123871 0
1744282529753 0.4693877696990967 1
1744282529766 0.4897959232330322 2
1744282529788 0.5204081535339355 3
1744282529811 0.5561224222183228 4
1744282529824 0.581632673740387 5
1744282529836 0.5969387888908386 6
1744282529847 0.581632673740387 7
1744282529859 0.6071428656578064 8
1744282529870 0.6122449040412903 9
1744282529881 0.6122449040412903 10
1744282529893 0.6122449040412903 11
1744282529906 0.5867347121238708 12
1744282529917 0.581632673740387 13
1744282529928 0.5918367505073547 14
1744282529939 0.5918367505073547 15
1744282529951 0.5867347121238708 16
1744282529962 0.5918367505073547 17
1744282529973 0.581632673740387 18
1744282529985 0.5714285969734192 19
1744282529996 0.5663265585899353 20
1744282530006 0.5714285969734192 21
1744282530016 0.5765306353569031 22
1744282530026 0.5561224222183228 23
1744282530036 0.5663265585899353 24
1744282530046 0.5765306353569031 25
1744282530057 0.5714285969734192 26
1744282530067 0.5714285969734192 27
1744282530077 0.581632673740387 28
1744282530089 0.5765306353569031 29
