1744282529745 0.7019650340080261 0
1744282529759 0.697936475276947 1
1744282529776 0.6950583457946777 2
1744282529804 0.692481279373169 3
1744282529817 0.6904222965240479 4
1744282529831 0.6887888312339783 5
1744282529842 0.6869664788246155 6
1744282529853 0.6854507327079773 7
1744282529864 0.6841049194335938 8
1744282529875 0.6826575994491577 9
1744282529887 0.6813720464706421 10
1744282529899 0.6803459525108337 11
1744282529911 0.6794345378875732 12
1744282529922 0.6785697937011719 13
1744282529933 0.6779804825782776 14
1744282529945 0.6768949031829834 15
1744282529957 0.6760715842247009 16
1744282529968 0.6752662658691406 17
1744282529979 0.6747614145278931 18
1744282529991 0.6744095087051392 19
1744282530001 0.6738474369049072 20
1744282530011 0.6731933355331421 21
1744282530021 0.6729998588562012 22
1744282530031 0.6726170182228088 23
1744282530041 0.6720924377441406 24
1744282530052 0.6716382503509521 25
1744282530062 0.6714345812797546 26
1744282530072 0.6709316968917847 27
1744282530082 0.670625627040863 28
1744282530093 0.6703294515609741 29
