1744882493906 0.6931235790252686 0
1744882493937 0.6923002600669861 1
1744882493953 0.6923091411590576 2
1744882493969 0.6922878623008728 3
1744882493989 0.691984236240387 4
1744882494006 0.691535234451294 5
1744882494024 0.6915052533149719 6
1744882494043 0.6908062696456909 7
1744882494060 0.691110372543335 8
1744882494077 0.6906878352165222 9
1744882494098 0.6902530193328857 10
1744882494116 0.6897076368331909 11
1744882494132 0.6891688108444214 12
1744882494150 0.6895382404327393 13
1744882494169 0.6894974112510681 14
1744882494185 0.6889491081237793 15
1744882494199 0.6889179348945618 16
1744882494214 0.6882127523422241 17
1744882494227 0.6885402798652649 18
