1744882493898 0.5482233762741089 0
1744882493928 0.5685279369354248 1
1744882493944 0.5634517669677734 2
1744882493960 0.5583756566047668 3
1744882493980 0.5634517669677734 4
1744882493998 0.5634517669677734 5
1744882494016 0.5634517669677734 6
1744882494034 0.5634517669677734 7
1744882494052 0.5634517669677734 8
1744882494068 0.5634517669677734 9
1744882494085 0.5634517669677734 10
1744882494106 0.5634517669677734 11
1744882494123 0.5685279369354248 12
1744882494141 0.5634517669677734 13
1744882494161 0.5634517669677734 14
1744882494177 0.5634517669677734 15
1744882494191 0.5634517669677734 16
1744882494206 0.5634517669677734 17
1744882494221 0.5634517669677734 18
