1744713014516 0.692821204662323 0
1744713014528 0.6902176141738892 1
1744713014551 0.6895040273666382 2
1744713014571 0.687456488609314 3
1744713014585 0.6862819790840149 4
1744713014602 0.6846060156822205 5
1744713014619 0.6835514307022095 6
1744713014633 0.6817346811294556 7
1744713014646 0.6814624667167664 8
1744713014657 0.6793714165687561 9
1744713014670 0.6787024140357971 10
1744713014682 0.6772403120994568 11
1744713014696 0.6767172813415527 12
1744713014710 0.6753971576690674 13
1744713014724 0.6739519834518433 14
1744713014736 0.6715423464775085 15
1744713014751 0.6692043542861938 16
1744713014765 0.6702876091003418 17
1744713014777 0.670223593711853 18
1744713014790 0.667195737361908 19
1744713014802 0.6684705018997192 20
1744713014814 0.6686404347419739 21
1744713014825 0.6666713953018188 22
1744713014837 0.6695545315742493 23
1744713014849 0.6631721258163452 24
1744713014861 0.6609262228012085 25
1744713014872 0.6617097854614258 26
1744713014884 0.6652007102966309 27
1744713014895 0.6587609052658081 28
