1744396981722 0.4111675024032593 0
1744396981733 0.4263959527015686 1
1744396981743 0.46700507402420044 2
1744396981753 0.4974619150161743 3
1744396981763 0.5025380849838257 4
1744396981774 0.5177664756774902 5
1744396981783 0.5279187560081482 6
1744396981792 0.5177664756774902 7
1744396981801 0.5177664756774902 8
1744396981810 0.5177664756774902 9
1744396981819 0.5329949259757996 10
1744396981828 0.5431472063064575 11
1744396981837 0.5532994866371155 12
1744396981845 0.5583756566047668 13
1744396981853 0.5583756566047668 14
1744396981861 0.5634517669677734 15
1744396981870 0.5634517669677734 16
1744396981878 0.5634517669677734 17
1744396981886 0.5532994866371155 18
1744396981894 0.5634517669677734 19
1744396981903 0.5685279369354248 20
1744396981911 0.5786802172660828 21
1744396981919 0.5736040472984314 22
1744396981927 0.5786802172660828 23
1744396981935 0.5837563276290894 24
1744396981943 0.5888324975967407 25
1744396981952 0.5888324975967407 26
1744396981961 0.5888324975967407 27
1744396981969 0.5888324975967407 28
1744396981977 0.5888324975967407 29
