1744882177449 0.4771573543548584 0
1744882177463 0.5837563276290894 1
1744882177485 0.5736040472984314 2
1744882177501 0.5939086079597473 3
1744882177514 0.5989847779273987 4
1744882177530 0.6091370582580566 5
1744882177542 0.6142131686210632 6
1744882177555 0.624365508556366 7
1744882177568 0.6192893385887146 8
1744882177580 0.6294416189193726 9
1744882177593 0.6091370582580566 10
1744882177606 0.6345177888870239 11
1744882177619 0.6497461795806885 12
1744882177632 0.6649746298789978 13
1744882177644 0.6649746298789978 14
1744882177657 0.6802030205726624 15
1744882177670 0.6751269102096558 16
1744882177683 0.6497461795806885 17
1744882177695 0.6852791905403137 18
1744882177708 0.6852791905403137 19
1744882177720 0.6649746298789978 20
1744882177733 0.6751269102096558 21
1744882177746 0.6649746298789978 22
1744882177758 0.6802030205726624 23
1744882177770 0.6903553009033203 24
1744882177785 0.6802030205726624 25
1744882177801 0.6751269102096558 26
1744882177816 0.6954314708709717 27
