1744882177456 0.693211019039154 0
1744882177478 0.6893758177757263 1
1744882177492 0.6859665513038635 2
1744882177508 0.6780791878700256 3
1744882177521 0.6715376973152161 4
1744882177536 0.6646407246589661 5
1744882177549 0.6640878915786743 6
1744882177561 0.6590723991394043 7
1744882177574 0.6558495759963989 8
1744882177587 0.6515211462974548 9
1744882177600 0.6477301120758057 10
1744882177612 0.645489513874054 11
1744882177625 0.6424381136894226 12
1744882177638 0.6398807168006897 13
1744882177651 0.6350270509719849 14
1744882177663 0.635374128818512 15
1744882177676 0.6331228613853455 16
1744882177689 0.6304767727851868 17
1744882177702 0.6239520311355591 18
1744882177714 0.6252908706665039 19
1744882177727 0.6180338263511658 20
1744882177740 0.6133190393447876 21
1744882177752 0.6151123642921448 22
1744882177764 0.6039819121360779 23
1744882177777 0.6112701892852783 24
1744882177793 0.5987799763679504 25
1744882177808 0.6012837290763855 26
1744882177823 0.5901772379875183 27
