1744886678181 0.5102040767669678 0
1744886678209 0.5918367505073547 1
1744886678222 0.5918367505073547 2
1744886678234 0.5969387888908386 3
1744886678246 0.6020408272743225 4
1744886678256 0.6224489808082581 5
1744886678266 0.6173469424247742 6
1744886678275 0.6020408272743225 7
1744886678286 0.6173469424247742 8
1744886678304 0.6071428656578064 9
1744886678314 0.6071428656578064 10
1744886678324 0.6173469424247742 11
1744886678334 0.6275510191917419 12
1744886678344 0.6122449040412903 13
1744886678354 0.6275510191917419 14
1744886678364 0.6122449040412903 15
1744886678374 0.6326530575752258 16
1744886678384 0.6224489808082581 17
1744886678393 0.6326530575752258 18
