1744886678202 0.6921236515045166 0
1744886678216 0.6855340003967285 1
1744886678228 0.6792383790016174 2
1744886678239 0.6735941767692566 3
1744886678252 0.6667198538780212 4
1744886678261 0.6644133925437927 5
1744886678271 0.6593111157417297 6
1744886678280 0.6568331718444824 7
1744886678298 0.6553657054901123 8
1744886678309 0.6506994962692261 9
1744886678319 0.651581346988678 10
1744886678329 0.648798406124115 11
1744886678339 0.6462290287017822 12
1744886678350 0.6486791968345642 13
1744886678359 0.6457315683364868 14
1744886678369 0.6456596851348877 15
1744886678378 0.6453220844268799 16
1744886678389 0.6446014642715454 17
1744886678397 0.6463572978973389 18
