1744713033301 0.6924125552177429 0
1744713033327 0.6917685866355896 1
1744713033354 0.6918230652809143 2
1744713033396 0.6916972398757935 3
1744713033518 0.6912413239479065 4
1744713033571 0.690388023853302 5
1744713033609 0.6921319961547852 6
1744713033633 0.6908289790153503 7
1744713033657 0.6907666325569153 8
1744713033678 0.6904072165489197 9
1744713033700 0.6899827718734741 10
1744713033720 0.690249502658844 11
1744713033737 0.6905039548873901 12
1744713033765 0.6890436410903931 13
1744713033795 0.6895518898963928 14
1744713033823 0.6898763179779053 15
1744713033848 0.6883695125579834 16
1744713033874 0.6894044876098633 17
1744713033899 0.6881527900695801 18
1744713033925 0.6892635226249695 19
1744713033943 0.6891257166862488 20
1744713033958 0.6881083250045776 21
1744713033972 0.6885828375816345 22
1744713033987 0.688642680644989 23
1744713034001 0.6874890923500061 24
1744713034015 0.6880751252174377 25
1744713034029 0.6881062984466553 26
1744713034046 0.6883560419082642 27
1744713034062 0.6867998242378235 28
