1744886485498 0.6925281882286072 0
1744886485525 0.6899797320365906 1
1744886485535 0.6876367926597595 2
1744886485543 0.6853698492050171 3
1744886485551 0.6826456189155579 4
1744886485560 0.6794659495353699 5
1744886485568 0.6763293743133545 6
1744886485576 0.6734256148338318 7
1744886485584 0.6702491641044617 8
1744886485593 0.6662884950637817 9
1744886485601 0.6626138687133789 10
1744886485610 0.6594414710998535 11
1744886485618 0.6577507853507996 12
1744886485625 0.6562781929969788 13
1744886485634 0.6540117263793945 14
1744886485642 0.6526140570640564 15
1744886485650 0.6514412760734558 16
1744886485657 0.6502218246459961 17
1744886485665 0.6493261456489563 18
1744886485673 0.6486861705780029 19
1744886485681 0.6476911902427673 20
1744886485690 0.6473425030708313 21
1744886485697 0.6463665962219238 22
1744886485706 0.64531409740448 23
1744886485721 0.6444548964500427 24
1744886485730 0.6435285210609436 25
1744886485738 0.6428540945053101 26
1744886485746 0.6426073312759399 27
1744886485754 0.6427839398384094 28
1744886485762 0.6409572958946228 29
