1744886485492 0.5561224222183228 0
1744886485514 0.6020408272743225 1
1744886485530 0.581632673740387 2
1744886485539 0.5765306353569031 3
1744886485547 0.581632673740387 4
1744886485555 0.5867347121238708 5
1744886485564 0.5714285969734192 6
1744886485572 0.5714285969734192 7
1744886485580 0.5714285969734192 8
1744886485588 0.5765306353569031 9
1744886485597 0.5765306353569031 10
1744886485606 0.581632673740387 11
1744886485614 0.5918367505073547 12
1744886485621 0.6020408272743225 13
1744886485629 0.5969387888908386 14
1744886485638 0.5969387888908386 15
1744886485646 0.5969387888908386 16
1744886485654 0.5969387888908386 17
1744886485661 0.6020408272743225 18
1744886485669 0.6224489808082581 19
1744886485677 0.6071428656578064 20
1744886485685 0.6122449040412903 21
1744886485694 0.6071428656578064 22
1744886485701 0.6071428656578064 23
1744886485710 0.6122449040412903 24
1744886485725 0.6122449040412903 25
1744886485734 0.6224489808082581 26
1744886485742 0.6275510191917419 27
1744886485750 0.6275510191917419 28
1744886485758 0.6173469424247742 29
