1744397006136 0.5380710363388062 0
1744397006148 0.5431472063064575 1
1744397006158 0.5736040472984314 2
1744397006169 0.5837563276290894 3
1744397006182 0.5482233762741089 4
1744397006193 0.5888324975967407 5
1744397006202 0.5786802172660828 6
1744397006212 0.5786802172660828 7
1744397006223 0.5634517669677734 8
1744397006238 0.5786802172660828 9
1744397006249 0.5786802172660828 10
1744397006260 0.5888324975967407 11
1744397006270 0.5685279369354248 12
1744397006280 0.5888324975967407 13
1744397006291 0.5380710363388062 14
1744397006302 0.5837563276290894 15
1744397006313 0.5482233762741089 16
1744397006323 0.5685279369354248 17
1744397006333 0.5685279369354248 18
