1744712905244 0.6923615336418152 0
1744712905261 0.6896513104438782 1
1744712905276 0.6869118213653564 2
1744712905290 0.6843887567520142 3
1744712905304 0.6815829277038574 4
1744712905318 0.6786038279533386 5
1744712905331 0.676482081413269 6
1744712905351 0.6753242015838623 7
1744712905366 0.6741964817047119 8
1744712905382 0.6735364198684692 9
1744712905397 0.6728971004486084 10
1744712905411 0.6721162796020508 11
1744712905427 0.6712971925735474 12
1744712905441 0.6699663996696472 13
1744712905454 0.6688419580459595 14
1744712905467 0.6682154536247253 15
1744712905481 0.6675772070884705 16
1744712905494 0.6674193739891052 17
1744712905510 0.6665229797363281 18
