1743763215642 0.7718295454978943 0
1743763215653 0.8363712430000305 1
1743763215667 0.8503320217132568 2
1743763215678 0.7435845136642456 3
1743763215689 0.7344091534614563 4
1743763215699 0.7021251320838928 5
1743763215708 0.8000240921974182 6
1743763215717 0.7197831273078918 7
1743763215729 0.6797703504562378 8
1743763215743 0.6808948516845703 9
1743763215755 0.6692684888839722 10
1743763215766 0.6344178318977356 11
1743763215775 0.6798933148384094 12
1743763215785 0.6983327269554138 13
1743763215796 0.6243382692337036 14
1743763215808 0.6368985176086426 15
1743763215820 0.6399450898170471 16
1743763215831 0.6434220671653748 17
1743763215841 0.5983214974403381 18
