1744282147564 0.7159905433654785 0
1744282147578 0.7116379737854004 1
1744282147590 0.6992859244346619 2
1744282147602 0.688239336013794 3
1744282147614 0.7008596062660217 4
1744282147625 0.7059962749481201 5
1744282147636 0.6969223618507385 6
1744282147648 0.6907476186752319 7
1744282147660 0.6920688152313232 8
1744282147671 0.6861218214035034 9
1744282147684 0.7034632563591003 10
1744282147695 0.6891160011291504 11
1744282147705 0.6938158273696899 12
1744282147716 0.6900243759155273 13
1744282147726 0.6865091919898987 14
1744282147737 0.6874592900276184 15
1744282147748 0.6717791557312012 16
1744282147761 0.6839414834976196 17
