1744400656682 0.484375 0
1744400656749 0.5520833134651184 1
1744400656765 0.6041666865348816 2
1744400656776 0.6145833134651184 3
1744400656785 0.6197916865348816 4
1744400656794 0.640625 5
1744400656803 0.640625 6
1744400656813 0.640625 7
1744400656822 0.6354166865348816 8
1744400656836 0.6510416865348816 9
1744400656866 0.640625 10
1744400656888 0.6666666865348816 11
1744400656902 0.640625 12
1744400656913 0.6510416865348816 13
1744400656929 0.6510416865348816 14
1744400656957 0.6510416865348816 15
1744400656971 0.65625 16
1744400656979 0.671875 17
1744400656987 0.6510416865348816 18
1744400656995 0.6770833134651184 19
1744400657004 0.6875 20
