1744400656742 0.6949982047080994 0
1744400656756 0.6876945495605469 1
1744400656771 0.6768015027046204 2
1744400656781 0.6723713874816895 3
1744400656790 0.6701963543891907 4
1744400656798 0.6636607050895691 5
1744400656807 0.6595801115036011 6
1744400656817 0.6563581824302673 7
1744400656831 0.6517780423164368 8
1744400656842 0.6509864926338196 9
1744400656875 0.6493306756019592 10
1744400656897 0.6456981897354126 11
1744400656908 0.645024836063385 12
1744400656923 0.6441497206687927 13
1744400656936 0.642063319683075 14
1744400656966 0.6406022310256958 15
1744400656975 0.6417639255523682 16
1744400656983 0.6390959024429321 17
1744400656991 0.6402115821838379 18
1744400657000 0.637173593044281 19
1744400657009 0.638503909111023 20
