1744712578770 0.6933498978614807 0
1744712578783 0.6923564076423645 1
1744712578795 0.6928672194480896 2
1744712578807 0.692359209060669 3
1744712578825 0.6921312212944031 4
1744712578838 0.691830575466156 5
1744712578851 0.6915549039840698 6
1744712578864 0.6917446255683899 7
1744712578876 0.6915229558944702 8
1744712578889 0.6916040182113647 9
1744712578901 0.6917990446090698 10
1744712578917 0.6910589337348938 11
1744712578930 0.6907947659492493 12
1744712578945 0.690619170665741 13
1744712578958 0.6911284327507019 14
1744712578971 0.6912773847579956 15
1744712578984 0.6909550428390503 16
1744712578997 0.6905328631401062 17
1744712579008 0.6897963285446167 18
