1744368010296 0.6926432251930237 0
1744368010304 0.6922868490219116 1
1744368010311 0.6915860176086426 2
1744368010318 0.6914870142936707 3
1744368010327 0.6895867586135864 4
1744368010336 0.6893786787986755 5
1744368010344 0.6881269216537476 6
1744368010352 0.6875760555267334 7
1744368010360 0.6873597502708435 8
1744368010368 0.6861438751220703 9
1744368010375 0.6860049366950989 10
1744368010383 0.6849486827850342 11
1744368010391 0.683083176612854 12
1744368010399 0.682929277420044 13
1744368010406 0.6825538873672485 14
1744368010414 0.6828211545944214 15
1744368010421 0.6810683012008667 16
1744368010428 0.6796784400939941 17
1744368010436 0.6829392313957214 18
1744368010443 0.6793453097343445 19
1744368010450 0.6780216097831726 20
1744368010458 0.6779643893241882 21
1744368010465 0.6769217252731323 22
1744368010472 0.676937997341156 23
