1744368010292 0.5329949259757996 0
1744368010300 0.5431472063064575 1
1744368010307 0.5431472063064575 2
1744368010315 0.5583756566047668 3
1744368010323 0.5837563276290894 4
1744368010331 0.5786802172660828 5
1744368010340 0.5685279369354248 6
1744368010348 0.5888324975967407 7
1744368010356 0.5786802172660828 8
1744368010364 0.5685279369354248 9
1744368010371 0.5837563276290894 10
1744368010379 0.5786802172660828 11
1744368010387 0.5736040472984314 12
1744368010395 0.5786802172660828 13
1744368010403 0.5685279369354248 14
1744368010410 0.5685279369354248 15
1744368010417 0.5685279369354248 16
1744368010425 0.5837563276290894 17
1744368010432 0.5685279369354248 18
1744368010439 0.5685279369354248 19
1744368010447 0.5786802172660828 20
1744368010454 0.5583756566047668 21
1744368010462 0.5736040472984314 22
1744368010469 0.5685279369354248 23
