1744368433821 0.4568527936935425 0
1744368433841 0.5076141953468323 1
1744368433853 0.5126903653144836 2
1744368433865 0.48730963468551636 3
1744368433878 0.5482233762741089 4
1744368433892 0.5634517669677734 5
1744368433905 0.5685279369354248 6
1744368433917 0.5431472063064575 7
1744368433930 0.5685279369354248 8
1744368433940 0.5736040472984314 9
1744368433958 0.5431472063064575 10
1744368433971 0.5380710363388062 11
1744368433985 0.5837563276290894 12
1744368433997 0.5786802172660828 13
1744368434008 0.5482233762741089 14
1744368434019 0.5634517669677734 15
1744368434033 0.5583756566047668 16
1744368434049 0.5685279369354248 17
