1744886325690 0.6916659474372864 0
1744886325701 0.6885411143302917 1
1744886325711 0.6865990161895752 2
1744886325720 0.6845752000808716 3
1744886325729 0.6824978590011597 4
1744886325756 0.6799020767211914 5
1744886325771 0.676049530506134 6
1744886325785 0.6728222370147705 7
1744886325794 0.6698870062828064 8
1744886325802 0.6664418578147888 9
1744886325811 0.6649274826049805 10
1744886325819 0.6626192927360535 11
1744886325827 0.6613865494728088 12
1744886325836 0.6591870188713074 13
1744886325846 0.6579431295394897 14
1744886325855 0.6569239497184753 15
1744886325863 0.655889630317688 16
1744886325875 0.655275821685791 17
1744886325884 0.6536744832992554 18
