1744886325685 0.6071428656578064 0
1744886325696 0.5969387888908386 1
1744886325706 0.6020408272743225 2
1744886325715 0.5969387888908386 3
1744886325724 0.5969387888908386 4
1744886325742 0.581632673740387 5
1744886325765 0.5969387888908386 6
1744886325780 0.5918367505073547 7
1744886325790 0.6020408272743225 8
1744886325798 0.5969387888908386 9
1744886325806 0.5969387888908386 10
1744886325815 0.6020408272743225 11
1744886325823 0.581632673740387 12
1744886325831 0.581632673740387 13
1744886325841 0.5765306353569031 14
1744886325850 0.5867347121238708 15
1744886325859 0.6122449040412903 16
1744886325867 0.6122449040412903 17
1744886325880 0.6173469424247742 18
