1744886170482 0.5714285969734192 0
1744886170496 0.5969387888908386 1
1744886170504 0.6020408272743225 2
1744886170512 0.5918367505073547 3
1744886170526 0.6071428656578064 4
1744886170535 0.6122449040412903 5
1744886170544 0.6173469424247742 6
1744886170551 0.6377550959587097 7
1744886170559 0.6173469424247742 8
1744886170570 0.6071428656578064 9
1744886170579 0.6122449040412903 10
1744886170587 0.6071428656578064 11
1744886170594 0.6224489808082581 12
1744886170602 0.6275510191917419 13
1744886170611 0.6224489808082581 14
1744886170619 0.6173469424247742 15
1744886170627 0.5969387888908386 16
1744886170635 0.6173469424247742 17
1744886170643 0.6122449040412903 18
1744886170655 0.6173469424247742 19
