1744886170491 0.6906819939613342 0
1744886170500 0.6840293407440186 1
1744886170508 0.6770535111427307 2
1744886170516 0.6693165898323059 3
1744886170531 0.6629445552825928 4
1744886170540 0.6615808606147766 5
1744886170548 0.6561983823776245 6
1744886170555 0.6535754799842834 7
1744886170566 0.6517339944839478 8
1744886170574 0.6504579186439514 9
1744886170583 0.6494245529174805 10
1744886170591 0.6489052176475525 11
1744886170598 0.6487893462181091 12
1744886170606 0.647455632686615 13
1744886170614 0.6459731459617615 14
1744886170622 0.6453244686126709 15
1744886170631 0.6452469825744629 16
1744886170638 0.6455265879631042 17
1744886170647 0.6430997848510742 18
1744886170659 0.6429753303527832 19
