1744712698364 0.5583756566047668 0
1744712698378 0.5888324975967407 1
1744712698390 0.5786802172660828 2
1744712698406 0.5736040472984314 3
1744712698420 0.5685279369354248 4
1744712698433 0.5888324975967407 5
1744712698448 0.5786802172660828 6
1744712698462 0.5786802172660828 7
1744712698476 0.5837563276290894 8
1744712698491 0.5837563276290894 9
1744712698506 0.5786802172660828 10
1744712698520 0.5786802172660828 11
1744712698533 0.5837563276290894 12
1744712698547 0.5888324975967407 13
1744712698561 0.5888324975967407 14
1744712698574 0.5888324975967407 15
1744712698588 0.5989847779273987 16
1744712698601 0.5989847779273987 17
1744712698615 0.5989847779273987 18
1744712698629 0.5939086079597473 19
