1744279245596 0.6876299977302551 0
1744279245606 0.684889018535614 1
1744279245618 0.6886566281318665 2
1744279245628 0.7004539966583252 3
1744279245638 0.702056348323822 4
1744279245650 0.6977570056915283 5
1744279245661 0.6881963610649109 6
1744279245670 0.6871416568756104 7
1744279245681 0.6878742575645447 8
1744279245692 0.7070396542549133 9
1744279245702 0.6986074447631836 10
1744279245714 0.6900972723960876 11
1744279245724 0.690464973449707 12
1744279245734 0.6913737654685974 13
1744279245746 0.6946663856506348 14
1744279245756 0.6902898550033569 15
1744279245765 0.6983641982078552 16
1744279245776 0.685711681842804 17
1744279245786 0.6908841729164124 18
1744279245798 0.692051112651825 19
1744279245808 0.685433030128479 20
1744279245819 0.6873025894165039 21
1744279245829 0.6818811893463135 22
1744279245839 0.6909268498420715 23
1744279245849 0.6993436813354492 24
1744279245859 0.6807845830917358 25
1744279245870 0.6859468221664429 26
1744279245881 0.6927291750907898 27
1744279245892 0.6918489336967468 28
1744279245903 0.679744303226471 29
