1744396874949 0.5126903653144836 0
1744396874962 0.5583756566047668 1
1744396874974 0.5939086079597473 2
1744396874985 0.5786802172660828 3
1744396874995 0.5736040472984314 4
1744396875004 0.5685279369354248 5
1744396875022 0.5736040472984314 6
1744396875032 0.5634517669677734 7
1744396875044 0.5989847779273987 8
1744396875054 0.5736040472984314 9
1744396875064 0.5837563276290894 10
1744396875073 0.5736040472984314 11
1744396875083 0.5888324975967407 12
1744396875093 0.5736040472984314 13
1744396875103 0.5939086079597473 14
1744396875113 0.5837563276290894 15
1744396875124 0.5736040472984314 16
1744396875134 0.5837563276290894 17
