1744886076568 0.6928470134735107 0
1744886076578 0.6916620135307312 1
1744886076596 0.6909568309783936 2
1744886076609 0.6903455853462219 3
1744886076619 0.6893999576568604 4
1744886076628 0.6877387762069702 5
1744886076642 0.6874078512191772 6
1744886076650 0.6856226921081543 7
1744886076659 0.6864562630653381 8
1744886076668 0.684776782989502 9
1744886076677 0.6850033402442932 10
1744886076685 0.6826545000076294 11
1744886076694 0.6816825270652771 12
1744886076702 0.6812734007835388 13
1744886076709 0.6805433034896851 14
1744886076717 0.6786937117576599 15
1744886076725 0.6756463050842285 16
1744886076733 0.6759047508239746 17
1744886076742 0.6760546565055847 18
1744886076751 0.6737816333770752 19
1744886076759 0.6700694561004639 20
1744886076771 0.6692728996276855 21
1744886076780 0.6708099246025085 22
