1744886076563 0.5306122303009033 0
1744886076573 0.5969387888908386 1
1744886076591 0.6020408272743225 2
1744886076604 0.5510203838348389 3
1744886076614 0.5612244606018066 4
1744886076623 0.5714285969734192 5
1744886076637 0.5867347121238708 6
1744886076646 0.5765306353569031 7
1744886076654 0.5867347121238708 8
1744886076663 0.5918367505073547 9
1744886076672 0.5918367505073547 10
1744886076681 0.5918367505073547 11
1744886076689 0.5867347121238708 12
1744886076698 0.5765306353569031 13
1744886076705 0.5765306353569031 14
1744886076713 0.5918367505073547 15
1744886076721 0.5867347121238708 16
1744886076729 0.5663265585899353 17
1744886076737 0.5918367505073547 18
1744886076746 0.581632673740387 19
1744886076755 0.581632673740387 20
1744886076764 0.5867347121238708 21
1744886076776 0.5867347121238708 22
