1744886222812 0.690630316734314 0
1744886222820 0.6853567361831665 1
1744886222829 0.6799614429473877 2
1744886222837 0.6735517382621765 3
1744886222845 0.6687554121017456 4
1744886222857 0.6631476879119873 5
1744886222865 0.6568474769592285 6
1744886222874 0.6536485552787781 7
1744886222882 0.6535473465919495 8
1744886222891 0.6529145240783691 9
1744886222899 0.6534585952758789 10
1744886222908 0.650583028793335 11
1744886222916 0.6500182747840881 12
1744886222924 0.6460111737251282 13
1744886222932 0.6450546979904175 14
1744886222940 0.6489419341087341 15
1744886222949 0.6486346125602722 16
1744886222957 0.6471396684646606 17
1744886222965 0.6481199264526367 18
1744886222973 0.6453434824943542 19
1744886222981 0.6455089449882507 20
1744886222989 0.643653929233551 21
1744886222998 0.6425853371620178 22
1744886223006 0.6419816017150879 23
1744886223014 0.6444269418716431 24
1744886223021 0.6430414319038391 25
1744886223029 0.6421672701835632 26
1744886223038 0.6445717215538025 27
1744886223046 0.6454647779464722 28
1744886223054 0.640378475189209 29
