1744886222807 0.5612244606018066 0
1744886222816 0.5765306353569031 1
1744886222824 0.6071428656578064 2
1744886222833 0.6122449040412903 3
1744886222841 0.6173469424247742 4
1744886222849 0.6071428656578064 5
1744886222861 0.6020408272743225 6
1744886222869 0.6275510191917419 7
1744886222878 0.6071428656578064 8
1744886222886 0.581632673740387 9
1744886222895 0.6020408272743225 10
1744886222903 0.6020408272743225 11
1744886222912 0.6071428656578064 12
1744886222920 0.6173469424247742 13
1744886222928 0.6173469424247742 14
1744886222936 0.6122449040412903 15
1744886222945 0.6122449040412903 16
1744886222953 0.6020408272743225 17
1744886222961 0.6275510191917419 18
1744886222969 0.6020408272743225 19
1744886222977 0.6377550959587097 20
1744886222985 0.6326530575752258 21
1744886222993 0.6122449040412903 22
1744886223002 0.6326530575752258 23
1744886223010 0.6479591727256775 24
1744886223018 0.6173469424247742 25
1744886223025 0.6173469424247742 26
1744886223034 0.6224489808082581 27
1744886223042 0.5969387888908386 28
1744886223050 0.6326530575752258 29
