1744281894576 0.6924238204956055 0
1744281894587 0.7090314626693726 1
1744281894596 0.6980802416801453 2
1744281894606 0.6989954710006714 3
1744281894615 0.7100813984870911 4
1744281894626 0.6955115795135498 5
1744281894636 0.697938859462738 6
1744281894646 0.7002096176147461 7
1744281894656 0.7026453614234924 8
1744281894666 0.689130425453186 9
1744281894677 0.6892663836479187 10
1744281894686 0.6913348436355591 11
1744281894696 0.7042216062545776 12
1744281894707 0.6925321817398071 13
1744281894716 0.6950098872184753 14
1744281894725 0.6878491044044495 15
1744281894735 0.6886410713195801 16
1744281894745 0.6905991435050964 17
1744281894755 0.6940988898277283 18
1744281894763 0.6859573721885681 19
1744281894773 0.6910338401794434 20
1744281894782 0.686908483505249 21
1744281894792 0.6848872303962708 22
1744281894801 0.693091869354248 23
1744281894811 0.6825039386749268 24
1744281894820 0.6841615438461304 25
