1744881893012 0.5329949259757996 0
1744881893041 0.5634517669677734 1
1744881893064 0.5939086079597473 2
1744881893080 0.5685279369354248 3
1744881893095 0.5786802172660828 4
1744881893110 0.5685279369354248 5
1744881893126 0.5634517669677734 6
1744881893142 0.5685279369354248 7
1744881893159 0.5939086079597473 8
1744881893175 0.5786802172660828 9
1744881893191 0.5736040472984314 10
1744881893207 0.5634517669677734 11
1744881893222 0.5736040472984314 12
1744881893237 0.5786802172660828 13
1744881893252 0.5837563276290894 14
1744881893267 0.5837563276290894 15
1744881893282 0.5736040472984314 16
1744881893296 0.5837563276290894 17
1744881893311 0.6091370582580566 18
1744881893325 0.5786802172660828 19
1744881893340 0.5583756566047668 20
1744881893357 0.5634517669677734 21
1744881893375 0.5736040472984314 22
1744881893389 0.5736040472984314 23
1744881893404 0.5786802172660828 24
