1744881893032 0.6933056116104126 0
1744881893048 0.6924399137496948 1
1744881893072 0.6921637654304504 2
1744881893088 0.6922560334205627 3
1744881893102 0.692085325717926 4
1744881893118 0.6916648745536804 5
1744881893134 0.6917367577552795 6
1744881893150 0.6912050247192383 7
1744881893167 0.6911454796791077 8
1744881893183 0.6908510327339172 9
1744881893199 0.6909152865409851 10
1744881893215 0.6906837224960327 11
1744881893231 0.6904702186584473 12
1744881893244 0.6907663345336914 13
1744881893259 0.690010666847229 14
1744881893274 0.6896466612815857 15
1744881893289 0.6895288825035095 16
1744881893304 0.6894997358322144 17
1744881893319 0.6888114213943481 18
1744881893334 0.6891945600509644 19
1744881893350 0.6895336508750916 20
1744881893366 0.6892263889312744 21
1744881893383 0.6885997653007507 22
1744881893397 0.6881714463233948 23
1744881893411 0.6886414885520935 24
