1743762740365 0.6642478704452515 0
1743762740378 0.6860218048095703 1
1743762740389 0.6443098187446594 2
1743762740400 0.6267377734184265 3
1743762740411 0.6289763450622559 4
1743762740420 0.6304799914360046 5
1743762740430 0.6312774419784546 6
1743762740440 0.6306652426719666 7
1743762740451 0.6060183644294739 8
1743762740461 0.6083308458328247 9
1743762740470 0.6158496737480164 10
1743762740480 0.573224663734436 11
1743762740489 0.6058300137519836 12
1743762740499 0.6322718262672424 13
1743762740509 0.6042531728744507 14
1743762740519 0.608522355556488 15
1743762740529 0.5596535801887512 16
1743762740539 0.5822103023529053 17
1743762740549 0.586502194404602 18
1743762740560 0.5558975338935852 19
1743762740570 0.564937174320221 20
