1743762740359 0.5652173757553101 0
1743762740372 0.6086956262588501 1
1743762740383 0.739130437374115 2
1743762740394 0.695652186870575 3
1743762740405 0.5652173757553101 4
1743762740415 0.6521739363670349 5
1743762740424 0.6521739363670349 6
1743762740435 0.6521739363670349 7
1743762740446 0.782608687877655 8
1743762740456 0.6086956262588501 9
1743762740465 0.6521739363670349 10
1743762740475 0.739130437374115 11
1743762740485 0.695652186870575 12
1743762740494 0.6521739363670349 13
1743762740505 0.6086956262588501 14
1743762740514 0.6086956262588501 15
1743762740524 0.695652186870575 16
1743762740533 0.695652186870575 17
1743762740544 0.6086956262588501 18
1743762740554 0.695652186870575 19
1743762740565 0.695652186870575 20
