1744712967033 0.5786802172660828 0
1744712967047 0.5786802172660828 1
1744712967062 0.5736040472984314 2
1744712967078 0.5583756566047668 3
1744712967091 0.5939086079597473 4
1744712967105 0.5685279369354248 5
1744712967119 0.5837563276290894 6
1744712967133 0.5634517669677734 7
1744712967146 0.5685279369354248 8
1744712967162 0.5736040472984314 9
1744712967176 0.5634517669677734 10
1744712967189 0.5888324975967407 11
1744712967202 0.5786802172660828 12
1744712967215 0.5685279369354248 13
1744712967228 0.5837563276290894 14
1744712967243 0.5736040472984314 15
1744712967256 0.5939086079597473 16
1744712967270 0.5837563276290894 17
1744712967284 0.5786802172660828 18
1744712967296 0.5786802172660828 19
1744712967310 0.5786802172660828 20
1744712967322 0.5837563276290894 21
