1744712967040 0.6924715042114258 0
1744712967053 0.6913049221038818 1
1744712967071 0.6908972263336182 2
1744712967085 0.6900221705436707 3
1744712967098 0.6882926821708679 4
1744712967112 0.6875826716423035 5
1744712967126 0.6864385604858398 6
1744712967139 0.685670793056488 7
1744712967153 0.684086263179779 8
1744712967169 0.6828323006629944 9
1744712967182 0.6815454363822937 10
1744712967196 0.681000828742981 11
1744712967209 0.67937171459198 12
1744712967222 0.6785032749176025 13
1744712967235 0.6772251725196838 14
1744712967249 0.6771394610404968 15
1744712967263 0.6764777302742004 16
1744712967277 0.6763577461242676 17
1744712967290 0.6759637594223022 18
1744712967303 0.6740428805351257 19
1744712967316 0.6732500195503235 20
1744712967329 0.6739901900291443 21
