1744886474616 0.692777693271637 0
1744886474631 0.6927594542503357 1
1744886474655 0.6925749778747559 2
1744886474670 0.6920441389083862 3
1744886474680 0.6916518807411194 4
1744886474691 0.6919288635253906 5
1744886474701 0.6909040212631226 6
1744886474714 0.691216230392456 7
1744886474725 0.6899469494819641 8
1744886474735 0.6893448829650879 9
1744886474757 0.6888947486877441 10
1744886474771 0.6887117624282837 11
1744886474785 0.6890959739685059 12
1744886474800 0.6881146430969238 13
1744886474810 0.6875147223472595 14
1744886474823 0.6883640885353088 15
1744886474833 0.6869380474090576 16
1744886474844 0.6877189874649048 17
1744886474854 0.6859089732170105 18
1744886474863 0.6864351630210876 19
1744886474873 0.6859385967254639 20
1744886474882 0.6858925223350525 21
