1744367752047 0.5736040472984314 0
1744367752059 0.5482233762741089 1
1744367752069 0.6040608882904053 2
1744367752079 0.5989847779273987 3
1744367752088 0.5939086079597473 4
1744367752097 0.5837563276290894 5
1744367752106 0.6192893385887146 6
1744367752115 0.6091370582580566 7
1744367752124 0.6040608882904053 8
1744367752132 0.6040608882904053 9
1744367752141 0.5786802172660828 10
1744367752150 0.5939086079597473 11
1744367752159 0.5888324975967407 12
1744367752168 0.5736040472984314 13
1744367752177 0.5837563276290894 14
1744367752186 0.5685279369354248 15
1744367752196 0.5786802172660828 16
