1744881671339 0.6928892135620117 0
1744881671354 0.6912431120872498 1
1744881671369 0.690147876739502 2
1744881671383 0.6883089542388916 3
1744881671397 0.6873664855957031 4
1744881671411 0.6868178248405457 5
1744881671422 0.6832470297813416 6
1744881671434 0.6834592819213867 7
1744881671452 0.6832698583602905 8
1744881671468 0.681751549243927 9
1744881671492 0.6784341931343079 10
1744881671509 0.6796085238456726 11
1744881671522 0.6807375550270081 12
1744881671540 0.6776502728462219 13
1744881671555 0.6767550110816956 14
1744881671569 0.6751884818077087 15
1744881671586 0.6747483611106873 16
1744881671604 0.6747615337371826 17
1744881671620 0.6781702041625977 18
1744881671635 0.6714506149291992 19
1744881671654 0.6752201318740845 20
1744881671668 0.6674370765686035 21
1744881671683 0.6733838319778442 22
1744881671697 0.6671793460845947 23
1744881671712 0.6649447083473206 24
1744881671726 0.6702415943145752 25
1744881671739 0.669639527797699 26
1744881671754 0.6686784625053406 27
1744881671767 0.6706575751304626 28
1744881671779 0.6686818599700928 29
