1744881671332 0.5583756566047668 0
1744881671347 0.5685279369354248 1
1744881671361 0.5634517669677734 2
1744881671376 0.5634517669677734 3
1744881671391 0.5685279369354248 4
1744881671404 0.5634517669677734 5
1744881671417 0.5634517669677734 6
1744881671428 0.5634517669677734 7
1744881671443 0.5634517669677734 8
1744881671460 0.5685279369354248 9
1744881671477 0.5634517669677734 10
1744881671501 0.5736040472984314 11
1744881671515 0.5634517669677734 12
1744881671530 0.5786802172660828 13
1744881671547 0.5583756566047668 14
1744881671563 0.5736040472984314 15
1744881671578 0.5685279369354248 16
1744881671595 0.5786802172660828 17
1744881671612 0.5837563276290894 18
1744881671628 0.5685279369354248 19
1744881671644 0.5685279369354248 20
1744881671662 0.5989847779273987 21
1744881671677 0.5939086079597473 22
1744881671691 0.5685279369354248 23
1744881671704 0.6040608882904053 24
1744881671719 0.5685279369354248 25
1744881671733 0.5888324975967407 26
1744881671745 0.6142131686210632 27
1744881671761 0.5939086079597473 28
1744881671773 0.5736040472984314 29
