1744712519289 0.6925258636474609 0
1744712519302 0.6913564205169678 1
1744712519316 0.690512478351593 2
1744712519329 0.6892901659011841 3
1744712519341 0.6886075139045715 4
1744712519353 0.6875824332237244 5
1744712519366 0.6867216229438782 6
1744712519378 0.6858347654342651 7
1744712519391 0.6848739981651306 8
1744712519403 0.6839410662651062 9
1744712519415 0.6830912232398987 10
1744712519427 0.681876540184021 11
1744712519439 0.6806458830833435 12
1744712519452 0.6795734763145447 13
1744712519465 0.6785649061203003 14
1744712519477 0.6776215434074402 15
1744712519490 0.676896870136261 16
1744712519502 0.6758735179901123 17
1744712519514 0.6749119758605957 18
