1744282057589 0.7502512335777283 0
1744282057599 0.7365546822547913 1
1744282057610 0.7225132584571838 2
1744282057621 0.7018539905548096 3
1744282057632 0.7154914736747742 4
1744282057642 0.6881571412086487 5
1744282057653 0.7181732654571533 6
1744282057663 0.7074694037437439 7
1744282057674 0.7107577919960022 8
1744282057685 0.7023565173149109 9
1744282057695 0.7050303220748901 10
1744282057706 0.7018595933914185 11
1744282057716 0.7010581493377686 12
1744282057727 0.6865278482437134 13
1744282057738 0.7007890939712524 14
1744282057749 0.6937934756278992 15
1744282057759 0.7014875411987305 16
1744282057770 0.6961538195610046 17
1744282057781 0.6887799501419067 18
1744282057791 0.6954317688941956 19
1744282057801 0.6845950484275818 20
1744282057814 0.695573627948761 21
