1744282057582 0.41326531767845154 0
1744282057594 0.4693877696990967 1
1744282057605 0.4234693944454193 2
1744282057615 0.5102040767669678 3
1744282057626 0.4591836631298065 4
1744282057637 0.5051020383834839 5
1744282057647 0.4642857015132904 6
1744282057658 0.5102040767669678 7
1744282057668 0.5204081535339355 8
1744282057679 0.5 9
1744282057690 0.5255101919174194 10
1744282057700 0.48469388484954834 11
1744282057711 0.5612244606018066 12
1744282057721 0.5306122303009033 13
1744282057733 0.5102040767669678 14
1744282057743 0.4897959232330322 15
1744282057754 0.4897959232330322 16
1744282057765 0.5 17
1744282057776 0.5 18
1744282057786 0.5510203838348389 19
1744282057796 0.5612244606018066 20
1744282057808 0.5561224222183228 21
