1744882134945 0.6929242014884949 0
1744882134960 0.6929235458374023 1
1744882134975 0.6921732425689697 2
1744882134993 0.6918030381202698 3
1744882135008 0.6918569803237915 4
1744882135023 0.6913883090019226 5
1744882135039 0.691179096698761 6
1744882135053 0.6907115578651428 7
1744882135068 0.6898061633110046 8
1744882135082 0.6896803975105286 9
1744882135097 0.6900073885917664 10
1744882135112 0.6896811723709106 11
1744882135127 0.6891694068908691 12
1744882135141 0.6883281469345093 13
1744882135156 0.688547670841217 14
1744882135170 0.6879217624664307 15
1744882135185 0.6878793239593506 16
1744882135202 0.6863361597061157 17
1744882135216 0.6861186623573303 18
