1744882134937 0.5634517669677734 0
1744882134952 0.5532994866371155 1
1744882134967 0.5431472063064575 2
1744882134986 0.5736040472984314 3
1744882135000 0.5583756566047668 4
1744882135016 0.5634517669677734 5
1744882135031 0.5532994866371155 6
1744882135046 0.5685279369354248 7
1744882135061 0.5685279369354248 8
1744882135075 0.5634517669677734 9
1744882135089 0.5634517669677734 10
1744882135105 0.5685279369354248 11
1744882135120 0.5634517669677734 12
1744882135134 0.5685279369354248 13
1744882135149 0.5634517669677734 14
1744882135163 0.5634517669677734 15
1744882135178 0.5634517669677734 16
1744882135195 0.5634517669677734 17
1744882135209 0.5634517669677734 18
