1744712672696 0.6927640438079834 0
1744712672713 0.6905004978179932 1
1744712672726 0.6877435445785522 2
1744712672744 0.6853305697441101 3
1744712672757 0.6830284595489502 4
1744712672772 0.6807540059089661 5
1744712672787 0.6791895627975464 6
1744712672806 0.6768126487731934 7
1744712672821 0.6755533218383789 8
1744712672835 0.6742938160896301 9
1744712672848 0.6731148958206177 10
1744712672862 0.6723759174346924 11
1744712672876 0.671252965927124 12
1744712672890 0.6709178686141968 13
1744712672903 0.6701347231864929 14
1744712672918 0.6695407032966614 15
1744712672931 0.6695750951766968 16
1744712672945 0.6688112616539001 17
1744712672958 0.6678320169448853 18
