1744712672689 0.5583756566047668 0
1744712672706 0.5939086079597473 1
1744712672719 0.5786802172660828 2
1744712672733 0.5888324975967407 3
1744712672751 0.5888324975967407 4
1744712672764 0.5837563276290894 5
1744712672779 0.5837563276290894 6
1744712672794 0.5888324975967407 7
1744712672813 0.5888324975967407 8
1744712672828 0.5888324975967407 9
1744712672841 0.5888324975967407 10
1744712672854 0.5939086079597473 11
1744712672869 0.5888324975967407 12
1744712672883 0.5888324975967407 13
1744712672896 0.5888324975967407 14
1744712672910 0.5888324975967407 15
1744712672925 0.5939086079597473 16
1744712672938 0.5888324975967407 17
1744712672951 0.5888324975967407 18
