1744400786387 0.6855161786079407 0
1744400786398 0.6739296913146973 1
1744400786407 0.6627478003501892 2
1744400786416 0.6538775563240051 3
1744400786427 0.6487653255462646 4
1744400786436 0.6461374163627625 5
1744400786445 0.6454581022262573 6
1744400786453 0.6450617909431458 7
1744400786462 0.6457392573356628 8
1744400786471 0.6423479914665222 9
1744400786480 0.6394176483154297 10
1744400786488 0.6366778612136841 11
1744400786497 0.636148989200592 12
1744400786507 0.6334598064422607 13
1744400786516 0.6351925730705261 14
1744400786525 0.6329556107521057 15
1744400786533 0.631509006023407 16
1744400786542 0.6299936175346375 17
1744400786551 0.6286299824714661 18
1744400786559 0.6240091919898987 19
1744400786568 0.621069610118866 20
