1744400786382 0.5416666865348816 0
1744400786393 0.578125 1
1744400786402 0.6354166865348816 2
1744400786411 0.65625 3
1744400786421 0.6614583134651184 4
1744400786432 0.6666666865348816 5
1744400786441 0.6458333134651184 6
1744400786449 0.65625 7
1744400786458 0.609375 8
1744400786467 0.6458333134651184 9
1744400786475 0.65625 10
1744400786484 0.6614583134651184 11
1744400786493 0.6510416865348816 12
1744400786502 0.65625 13
1744400786511 0.6458333134651184 14
1744400786520 0.6666666865348816 15
1744400786529 0.6666666865348816 16
1744400786538 0.65625 17
1744400786546 0.671875 18
1744400786555 0.6822916865348816 19
1744400786564 0.6614583134651184 20
