1744712942572 0.6933030486106873 0
1744712942587 0.6921654939651489 1
1744712942603 0.6908175349235535 2
1744712942620 0.6891354918479919 3
1744712942633 0.6882993578910828 4
1744712942646 0.6872689723968506 5
1744712942660 0.6863809823989868 6
1744712942672 0.6852834224700928 7
1744712942686 0.683398425579071 8
1744712942701 0.6831925511360168 9
1744712942715 0.6828884482383728 10
1744712942727 0.6819384694099426 11
1744712942740 0.681049644947052 12
1744712942753 0.6806029677391052 13
1744712942767 0.6800994277000427 14
1744712942780 0.6780351996421814 15
1744712942794 0.6763396859169006 16
1744712942809 0.6749018430709839 17
1744712942823 0.675618052482605 18
1744712942838 0.6733051538467407 19
1744712942851 0.6738860011100769 20
1744712942865 0.6740365028381348 21
1744712942877 0.672736406326294 22
1744712942891 0.6724290251731873 23
