1744712207628 0.5532994866371155 0
1744712207642 0.5583756566047668 1
1744712207651 0.5431472063064575 2
1744712207660 0.5329949259757996 3
1744712207669 0.5380710363388062 4
1744712207678 0.5329949259757996 5
1744712207685 0.5279187560081482 6
1744712207694 0.5431472063064575 7
1744712207708 0.5380710363388062 8
1744712207716 0.5634517669677734 9
1744712207725 0.5736040472984314 10
1744712207737 0.5685279369354248 11
1744712207746 0.5685279369354248 12
1744712207755 0.5786802172660828 13
1744712207763 0.5736040472984314 14
