1744712207634 0.6911716461181641 0
1744712207647 0.6910356879234314 1
1744712207656 0.6909308433532715 2
1744712207664 0.6908077597618103 3
1744712207673 0.6906719207763672 4
1744712207682 0.6905677318572998 5
1744712207690 0.6904483437538147 6
1744712207703 0.6903195977210999 7
1744712207712 0.6902012825012207 8
1744712207721 0.6900831460952759 9
1744712207732 0.6899524927139282 10
1744712207742 0.6898325681686401 11
1744712207750 0.6897078156471252 12
1744712207759 0.689595103263855 13
1744712207767 0.689483642578125 14
