1744368279411 0.48730963468551636 0
1744368279434 0.5177664756774902 1
1744368279445 0.5126903653144836 2
1744368279459 0.5177664756774902 3
1744368279470 0.5583756566047668 4
1744368279481 0.5329949259757996 5
1744368279491 0.5228426456451416 6
1744368279500 0.5736040472984314 7
1744368279510 0.5532994866371155 8
1744368279520 0.5126903653144836 9
1744368279535 0.5634517669677734 10
1744368279548 0.5634517669677734 11
1744368279561 0.5685279369354248 12
1744368279573 0.5532994866371155 13
1744368279584 0.5989847779273987 14
1744368279594 0.5736040472984314 15
1744368279604 0.6040608882904053 16
1744368279613 0.5837563276290894 17
1744368279621 0.5786802172660828 18
1744368279630 0.5888324975967407 19
1744368279638 0.5786802172660828 20
1744368279647 0.6192893385887146 21
1744368279655 0.6142131686210632 22
