1744368279422 0.6928731799125671 0
1744368279440 0.6929357647895813 1
1744368279453 0.6931675672531128 2
1744368279464 0.6926601529121399 3
1744368279475 0.6932058334350586 4
1744368279486 0.6929473876953125 5
1744368279496 0.6927521228790283 6
1744368279505 0.6922090649604797 7
1744368279515 0.692812979221344 8
1744368279525 0.6925498843193054 9
1744368279542 0.6922222375869751 10
1744368279555 0.6919876337051392 11
1744368279567 0.6917366981506348 12
1744368279579 0.6925092339515686 13
1744368279589 0.6910759806632996 14
1744368279599 0.6921650171279907 15
1744368279609 0.6914858222007751 16
1744368279617 0.6916600465774536 17
1744368279626 0.6921604871749878 18
1744368279634 0.6915901303291321 19
1744368279643 0.6907046437263489 20
1744368279651 0.6909213662147522 21
1744368279659 0.6906221508979797 22
