1744400690013 0.7031182646751404 0
1744400690023 0.6967796683311462 1
1744400690034 0.6921214461326599 2
1744400690048 0.6873040199279785 3
1744400690060 0.6837034225463867 4
1744400690070 0.6805457472801208 5
1744400690080 0.6779977679252625 6
1744400690089 0.6749375462532043 7
1744400690099 0.6726678013801575 8
1744400690110 0.6708347201347351 9
1744400690120 0.6691810488700867 10
1744400690131 0.6675387024879456 11
1744400690140 0.6658744215965271 12
1744400690149 0.6647124886512756 13
1744400690158 0.6633356213569641 14
1744400690166 0.6624450087547302 15
1744400690175 0.6613001227378845 16
