1744886384145 0.4897959232330322 0
1744886384158 0.6071428656578064 1
1744886384169 0.6020408272743225 2
1744886384179 0.5867347121238708 3
1744886384187 0.5918367505073547 4
1744886384197 0.6071428656578064 5
1744886384209 0.5918367505073547 6
1744886384219 0.5969387888908386 7
1744886384228 0.5969387888908386 8
1744886384239 0.5969387888908386 9
1744886384248 0.5918367505073547 10
1744886384257 0.6122449040412903 11
1744886384266 0.6071428656578064 12
1744886384275 0.5918367505073547 13
1744886384292 0.6224489808082581 14
1744886384302 0.5918367505073547 15
1744886384311 0.6122449040412903 16
1744886384321 0.6020408272743225 17
1744886384330 0.6173469424247742 18
1744886384340 0.6224489808082581 19
