1744282192517 0.758600115776062 0
1744282192528 0.7095640301704407 1
1744282192538 0.7035467028617859 2
1744282192547 0.684470534324646 3
1744282192557 0.6754351854324341 4
1744282192567 0.6731959581375122 5
1744282192576 0.6831516623497009 6
1744282192585 0.6781234741210938 7
1744282192595 0.6728978753089905 8
1744282192605 0.6610044240951538 9
1744282192615 0.6702697277069092 10
1744282192625 0.6802767515182495 11
1744282192635 0.6712980270385742 12
1744282192645 0.666903018951416 13
1744282192655 0.6691291928291321 14
1744282192665 0.6602289080619812 15
1744282192675 0.6648942828178406 16
