1744368069150 0.6941990852355957 0
1744368069160 0.6938797831535339 1
1744368069170 0.693607747554779 2
1744368069180 0.6933056116104126 3
1744368069198 0.6930875182151794 4
1744368069207 0.6928053498268127 5
1744368069216 0.6926021575927734 6
1744368069226 0.6923312544822693 7
1744368069236 0.6920934915542603 8
1744368069244 0.6918479800224304 9
1744368069253 0.691618025302887 10
1744368069262 0.6913261413574219 11
1744368069270 0.6910772919654846 12
1744368069285 0.6908066868782043 13
1744368069295 0.6905308961868286 14
1744368069303 0.6902478933334351 15
1744368069312 0.6900164484977722 16
