1744368069145 0.43654823303222656 0
1744368069155 0.4467005133628845 1
1744368069165 0.4720812141895294 2
1744368069174 0.4974619150161743 3
1744368069193 0.5025380849838257 4
1744368069202 0.5177664756774902 5
1744368069212 0.5634517669677734 6
1744368069221 0.5634517669677734 7
1744368069231 0.5685279369354248 8
1744368069240 0.5685279369354248 9
1744368069248 0.5736040472984314 10
1744368069258 0.5736040472984314 11
1744368069266 0.5736040472984314 12
1744368069280 0.5736040472984314 13
1744368069290 0.5736040472984314 14
1744368069299 0.5736040472984314 15
1744368069308 0.5736040472984314 16
