1744282223955 0.47959184646606445 0
1744282223966 0.4948979616165161 1
1744282223977 0.5765306353569031 2
1744282223986 0.5867347121238708 3
1744282223996 0.581632673740387 4
1744282224007 0.5867347121238708 5
1744282224018 0.581632673740387 6
1744282224029 0.581632673740387 7
1744282224040 0.5867347121238708 8
1744282224051 0.6122449040412903 9
1744282224060 0.6122449040412903 10
1744282224072 0.6224489808082581 11
1744282224082 0.6275510191917419 12
1744282224092 0.6071428656578064 13
1744282224102 0.6122449040412903 14
