1743762583699 0.6979450583457947 0
1743762583712 0.6774725914001465 1
1743762583729 0.695572555065155 2
1743762583739 0.6712146997451782 3
1743762583761 0.6760340929031372 4
1743762583782 0.6218920350074768 5
1743762583794 0.6430888772010803 6
1743762583806 0.6418694257736206 7
1743762583817 0.6077765226364136 8
1743762583828 0.634122371673584 9
1743762583839 0.6362504363059998 10
1743762583849 0.6142404675483704 11
1743762583862 0.6029403209686279 12
1743762583874 0.5713119506835938 13
1743762583885 0.5764511823654175 14
1743762583896 0.5759084224700928 15
1743762583906 0.612460196018219 16
1743762583920 0.5782678127288818 17
1743762583934 0.5803922414779663 18
1743762583944 0.5786791443824768 19
1743762583953 0.5765051245689392 20
1743762583962 0.555787205696106 21
