1743762583693 0.5652173757553101 0
1743762583705 0.5652173757553101 1
1743762583718 0.47826087474823 2
1743762583734 0.5652173757553101 3
1743762583747 0.5652173757553101 4
1743762583776 0.6086956262588501 5
1743762583788 0.695652186870575 6
1743762583800 0.6086956262588501 7
1743762583811 0.6521739363670349 8
1743762583823 0.6086956262588501 9
1743762583833 0.6086956262588501 10
1743762583844 0.6086956262588501 11
1743762583856 0.6086956262588501 12
1743762583868 0.695652186870575 13
1743762583879 0.6086956262588501 14
1743762583890 0.739130437374115 15
1743762583901 0.6521739363670349 16
1743762583912 0.739130437374115 17
1743762583928 0.6086956262588501 18
1743762583939 0.6086956262588501 19
1743762583949 0.695652186870575 20
1743762583958 0.8695651888847351 21
