1744279783405 0.6905177235603333 0
1744279783418 0.6841505169868469 1
1744279783430 0.6796723008155823 2
1744279783443 0.677057683467865 3
1744279783456 0.6759201884269714 4
1744279783468 0.6746714115142822 5
1744279783479 0.6739202737808228 6
1744279783491 0.672508180141449 7
1744279783503 0.6714562177658081 8
1744279783514 0.6705934405326843 9
1744279783525 0.6699067950248718 10
1744279783536 0.6692786812782288 11
1744279783547 0.6694735884666443 12
1744279783558 0.668302059173584 13
1744279783569 0.6678143739700317 14
1744279783580 0.667423665523529 15
1744279783591 0.6667502522468567 16
