1744882361676 0.5634517669677734 0
1744882361693 0.5634517669677734 1
1744882361707 0.5634517669677734 2
1744882361742 0.5634517669677734 3
1744882361755 0.5685279369354248 4
1744882361769 0.5685279369354248 5
1744882361781 0.5685279369354248 6
1744882361794 0.5685279369354248 7
1744882361807 0.5685279369354248 8
1744882361819 0.5685279369354248 9
1744882361832 0.5685279369354248 10
1744882361845 0.5685279369354248 11
1744882361858 0.5736040472984314 12
1744882361871 0.5736040472984314 13
1744882361883 0.5736040472984314 14
1744882361897 0.5736040472984314 15
1744882361910 0.5736040472984314 16
1744882361922 0.5786802172660828 17
1744882361935 0.5685279369354248 18
1744882361948 0.5736040472984314 19
1744882361960 0.5786802172660828 20
1744882361973 0.5786802172660828 21
1744882361985 0.5837563276290894 22
1744882361997 0.5888324975967407 23
1744882362010 0.6040608882904053 24
1744882362022 0.6091370582580566 25
1744882362035 0.6091370582580566 26
1744882362048 0.6091370582580566 27
1744882362060 0.6142131686210632 28
1744882362073 0.6142131686210632 29
