1744712294978 0.6921833157539368 0
1744712294992 0.6907089948654175 1
1744712295016 0.6892042756080627 2
1744712295027 0.6879417300224304 3
1744712295037 0.686816930770874 4
1744712295046 0.686835765838623 5
1744712295056 0.6851549744606018 6
1744712295065 0.6834595799446106 7
1744712295074 0.6816313862800598 8
1744712295082 0.6793742775917053 9
1744712295090 0.6782159805297852 10
1744712295099 0.6772010326385498 11
1744712295107 0.6755458116531372 12
1744712295116 0.6740339398384094 13
1744712295125 0.6743022203445435 14
1744712295133 0.6722360849380493 15
1744712295143 0.6702284216880798 16
1744712295151 0.6675404906272888 17
