1744881733866 0.5482233762741089 0
1744881733912 0.5837563276290894 1
1744881733963 0.5736040472984314 2
1744881733981 0.5736040472984314 3
1744881733999 0.5736040472984314 4
1744881734017 0.5532994866371155 5
1744881734035 0.5786802172660828 6
1744881734053 0.5685279369354248 7
1744881734068 0.5685279369354248 8
1744881734082 0.5786802172660828 9
1744881734098 0.5634517669677734 10
1744881734120 0.5685279369354248 11
1744881734136 0.5685279369354248 12
1744881734151 0.5736040472984314 13
1744881734166 0.5583756566047668 14
1744881734180 0.5736040472984314 15
1744881734195 0.5685279369354248 16
1744881734210 0.5685279369354248 17
1744881734225 0.5685279369354248 18
1744881734239 0.5736040472984314 19
