1744881733899 0.6928991079330444 0
1744881733951 0.6923061609268188 1
1744881733971 0.6918771862983704 2
1744881733989 0.6916090846061707 3
1744881734007 0.6909828782081604 4
1744881734026 0.6911523342132568 5
1744881734045 0.6904599070549011 6
1744881734060 0.6903709173202515 7
1744881734075 0.689984142780304 8
1744881734090 0.6892216205596924 9
1744881734106 0.6884072422981262 10
1744881734129 0.6885647773742676 11
1744881734144 0.6881480813026428 12
1744881734158 0.6872040629386902 13
1744881734173 0.6870064735412598 14
1744881734186 0.6863966584205627 15
1744881734202 0.6865471601486206 16
1744881734217 0.6862448453903198 17
1744881734232 0.6846145391464233 18
1744881734246 0.6845561861991882 19
