1744886213921 0.6935145258903503 0
1744886213932 0.692771852016449 1
1744886213943 0.6919897198677063 2
1744886213956 0.6917048096656799 3
1744886213968 0.6911603212356567 4
1744886213979 0.6907773613929749 5
1744886213992 0.6898025870323181 6
1744886214001 0.6887835264205933 7
1744886214014 0.6884505748748779 8
1744886214022 0.6882011890411377 9
1744886214032 0.6869993209838867 10
1744886214042 0.6866675615310669 11
1744886214094 0.6860942244529724 12
1744886214110 0.6855064034461975 13
1744886214126 0.6854085922241211 14
1744886214137 0.6840534806251526 15
1744886214148 0.6842958331108093 16
1744886214160 0.6823195815086365 17
1744886214174 0.6812736392021179 18
1744886214185 0.680847704410553 19
1744886214194 0.6801614761352539 20
