1745402947708 0.5612244606018066 0
1745402947770 0.6020408272743225 1
1745402947828 0.6020408272743225 2
1745402947887 0.5969387888908386 3
1745402947948 0.6020408272743225 4
1745402948006 0.5918367505073547 5
1745402948063 0.6020408272743225 6
1745402948121 0.5918367505073547 7
1745402948180 0.5867347121238708 8
1745402948243 0.6071428656578064 9
1745402948303 0.6071428656578064 10
1745402948365 0.5867347121238708 11
1745402948426 0.5867347121238708 12
1745402948487 0.5969387888908386 13
1745402948547 0.5867347121238708 14
1745402948606 0.5765306353569031 15
1745402948666 0.6122449040412903 16
1745402948729 0.5918367505073547 17
1745402948788 0.5867347121238708 18
1745402948848 0.5969387888908386 19
1745402948913 0.6122449040412903 20
1745402948975 0.6020408272743225 21
1745402949035 0.6020408272743225 22
1745402949095 0.5765306353569031 23
1745402949153 0.581632673740387 24
1745402949211 0.6020408272743225 25
1745402949269 0.5969387888908386 26
1745402949326 0.5969387888908386 27
1745402949387 0.5969387888908386 28
1745402949444 0.5918367505073547 29
