1745402947740 0.6918594837188721 0
1745402947800 0.6884979009628296 1
1745402947858 0.6866272687911987 2
1745402947919 0.6840400695800781 3
1745402947977 0.6829926371574402 4
1745402948034 0.6817864179611206 5
1745402948093 0.6775586605072021 6
1745402948150 0.6739781498908997 7
1745402948210 0.6728008985519409 8
1745402948273 0.6709731817245483 9
1745402948334 0.6668156981468201 10
1745402948396 0.6672437191009521 11
1745402948457 0.6652525067329407 12
1745402948517 0.6636512279510498 13
1745402948576 0.6602196097373962 14
1745402948636 0.6594581007957458 15
1745402948696 0.6589742302894592 16
1745402948759 0.6576875448226929 17
1745402948818 0.6582842469215393 18
1745402948881 0.6606958508491516 19
1745402948943 0.6589296460151672 20
1745402949005 0.6593935489654541 21
1745402949065 0.654924213886261 22
1745402949124 0.652839183807373 23
1745402949182 0.6558484435081482 24
1745402949240 0.6564016342163086 25
1745402949297 0.6554505228996277 26
1745402949355 0.6556156873703003 27
1745402949415 0.65323406457901 28
1745402949474 0.6519954800605774 29
