1744881602222 0.4263959527015686 0
1744881602237 0.4822334945201874 1
1744881602253 0.46700507402420044 2
1744881602267 0.5380710363388062 3
1744881602285 0.5279187560081482 4
1744881602300 0.46192893385887146 5
1744881602315 0.5228426456451416 6
1744881602329 0.5177664756774902 7
1744881602344 0.5279187560081482 8
1744881602357 0.5431472063064575 9
1744881602372 0.5228426456451416 10
1744881602385 0.5685279369354248 11
1744881602400 0.5685279369354248 12
1744881602414 0.5431472063064575 13
1744881602428 0.5583756566047668 14
1744881602442 0.5583756566047668 15
1744881602455 0.5736040472984314 16
1744881602469 0.5482233762741089 17
1744881602483 0.5888324975967407 18
1744881602497 0.5989847779273987 19
1744881602510 0.5482233762741089 20
