1744881602229 0.6945825815200806 0
1744881602246 0.6941933631896973 1
1744881602260 0.6943941116333008 2
1744881602274 0.6934800744056702 3
1744881602292 0.6932880282402039 4
1744881602308 0.6941874027252197 5
1744881602322 0.693433403968811 6
1744881602337 0.6932815313339233 7
1744881602350 0.693080484867096 8
1744881602364 0.692375659942627 9
1744881602379 0.6931561231613159 10
1744881602393 0.6923313140869141 11
1744881602406 0.692389726638794 12
1744881602421 0.6925889849662781 13
1744881602435 0.692311704158783 14
1744881602448 0.6921782493591309 15
1744881602463 0.6918246746063232 16
1744881602476 0.6924831867218018 17
1744881602490 0.6917321681976318 18
1744881602504 0.6914302110671997 19
1744881602518 0.6922261118888855 20
