1744367792597 0.6934891939163208 0
1744367792606 0.692990779876709 1
1744367792615 0.6925196647644043 2
1744367792623 0.6919217109680176 3
1744367792631 0.6908403038978577 4
1744367792641 0.6902303099632263 5
1744367792648 0.6907161474227905 6
1744367792661 0.6903671622276306 7
1744367792673 0.6898363828659058 8
1744367792682 0.6891762018203735 9
1744367792690 0.6888551115989685 10
1744367792698 0.6882115006446838 11
1744367792706 0.6871578693389893 12
1744367792714 0.6871336102485657 13
1744367792722 0.6883161664009094 14
1744367792730 0.6856205463409424 15
1744367792738 0.6857776641845703 16
1744367792746 0.6853740811347961 17
1744367792754 0.6866207718849182 18
1744367792761 0.6851915121078491 19
1744367792769 0.6845548748970032 20
1744367792778 0.6852320432662964 21
1744367792785 0.6838284134864807 22
1744367792794 0.6828920245170593 23
