1744367792584 0.5329949259757996 0
1744367792602 0.5228426456451416 1
1744367792610 0.5583756566047668 2
1744367792619 0.5736040472984314 3
1744367792627 0.6091370582580566 4
1744367792635 0.5939086079597473 5
1744367792644 0.6040608882904053 6
1744367792657 0.5685279369354248 7
1744367792665 0.5888324975967407 8
1744367792677 0.5888324975967407 9
1744367792686 0.5837563276290894 10
1744367792694 0.5837563276290894 11
1744367792703 0.5736040472984314 12
1744367792710 0.5837563276290894 13
1744367792718 0.5583756566047668 14
1744367792726 0.5736040472984314 15
1744367792734 0.5786802172660828 16
1744367792742 0.5888324975967407 17
1744367792750 0.5685279369354248 18
1744367792758 0.5786802172660828 19
1744367792766 0.5837563276290894 20
1744367792774 0.5583756566047668 21
1744367792781 0.5837563276290894 22
1744367792790 0.5736040472984314 23
