1744882110149 0.6927833557128906 0
1744882110163 0.6922649145126343 1
1744882110177 0.6918984651565552 2
1744882110190 0.6914994120597839 3
1744882110205 0.6910752058029175 4
1744882110225 0.6906813979148865 5
1744882110240 0.690338134765625 6
1744882110262 0.6899095773696899 7
1744882110278 0.6895535588264465 8
1744882110292 0.6891761422157288 9
1744882110307 0.6888518929481506 10
1744882110322 0.6884559392929077 11
1744882110338 0.6881408095359802 12
1744882110353 0.6879004240036011 13
1744882110367 0.6874544620513916 14
1744882110382 0.6871802806854248 15
1744882110398 0.6867725849151611 16
1744882110414 0.6863791942596436 17
1744882110428 0.6860930919647217 18
1744882110445 0.6856482625007629 19
