1744882110141 0.5939086079597473 0
1744882110156 0.5837563276290894 1
1744882110170 0.5888324975967407 2
1744882110184 0.5888324975967407 3
1744882110197 0.5837563276290894 4
1744882110213 0.5634517669677734 5
1744882110233 0.5685279369354248 6
1744882110247 0.5736040472984314 7
1744882110270 0.5685279369354248 8
1744882110285 0.5685279369354248 9
1744882110299 0.5736040472984314 10
1744882110315 0.5736040472984314 11
1744882110329 0.5736040472984314 12
1744882110345 0.5736040472984314 13
1744882110360 0.5736040472984314 14
1744882110375 0.5736040472984314 15
1744882110391 0.5736040472984314 16
1744882110406 0.5736040472984314 17
1744882110421 0.5736040472984314 18
1744882110437 0.5736040472984314 19
