1743763488977 0.6086956262588501 0
1743763488987 0.52173912525177 1
1743763488995 0.47826087474823 2
1743763489005 0.6086956262588501 3
1743763489015 0.5652173757553101 4
1743763489023 0.739130437374115 5
1743763489032 0.695652186870575 6
1743763489040 0.695652186870575 7
1743763489049 0.6086956262588501 8
1743763489058 0.6086956262588501 9
1743763489067 0.6521739363670349 10
1743763489076 0.6086956262588501 11
1743763489084 0.6521739363670349 12
1743763489094 0.782608687877655 13
1743763489103 0.695652186870575 14
1743763489111 0.695652186870575 15
1743763489120 0.695652186870575 16
1743763489128 0.782608687877655 17
1743763489137 0.6521739363670349 18
1743763489145 0.6086956262588501 19
1743763489154 0.739130437374115 20
