1743763488982 0.6668695211410522 0
1743763488991 0.6782925724983215 1
1743763489001 0.6793326139450073 2
1743763489010 0.6742088794708252 3
1743763489019 0.6733002662658691 4
1743763489028 0.6416101455688477 5
1743763489036 0.6485595703125 6
1743763489045 0.6428536176681519 7
1743763489053 0.6210856437683105 8
1743763489062 0.6253873705863953 9
1743763489072 0.6245391368865967 10
1743763489080 0.6128284335136414 11
1743763489089 0.6214460730552673 12
1743763489098 0.6052748560905457 13
1743763489107 0.6081273555755615 14
1743763489116 0.612398624420166 15
1743763489124 0.6075266599655151 16
1743763489133 0.5864455699920654 17
1743763489141 0.6204882264137268 18
1743763489150 0.6123390793800354 19
1743763489159 0.5737180113792419 20
