1744401295891 0.5052083134651184 0
1744401295909 0.5885416865348816 1
1744401295928 0.5885416865348816 2
1744401295940 0.6354166865348816 3
1744401295953 0.5885416865348816 4
1744401295964 0.65625 5
1744401295976 0.6927083134651184 6
1744401295989 0.6614583134651184 7
1744401296000 0.671875 8
1744401296011 0.6927083134651184 9
1744401296024 0.65625 10
1744401296035 0.6458333134651184 11
1744401296045 0.6458333134651184 12
1744401296058 0.6510416865348816 13
1744401296071 0.6666666865348816 14
1744401296082 0.65625 15
1744401296094 0.7083333134651184 16
1744401296106 0.671875 17
1744401296116 0.65625 18
