1744712646087 0.6935557126998901 0
1744712646101 0.6906026601791382 1
1744712646115 0.6898841857910156 2
1744712646128 0.6888226866722107 3
1744712646143 0.6882778406143188 4
1744712646156 0.6879615783691406 5
1744712646168 0.6858486533164978 6
1744712646181 0.6847409605979919 7
1744712646194 0.6848621368408203 8
1744712646206 0.6820611357688904 9
1744712646218 0.6814510226249695 10
1744712646232 0.6800943613052368 11
1744712646247 0.6793027520179749 12
1744712646260 0.6765462160110474 13
1744712646273 0.6778592467308044 14
1744712646286 0.6762040853500366 15
1744712646300 0.6759521961212158 16
1744712646313 0.6767991781234741 17
1744712646328 0.6745052337646484 18
1744712646340 0.6759483814239502 19
1744712646353 0.6732633113861084 20
