1744712232196 0.6936840415000916 0
1744712232243 0.6925931572914124 1
1744712232265 0.693407416343689 2
1744712232282 0.6936299800872803 3
1744712232308 0.6929903030395508 4
1744712232326 0.692480742931366 5
1744712232338 0.6927686929702759 6
1744712232349 0.6933727264404297 7
1744712232362 0.691882312297821 8
1744712232371 0.6920300126075745 9
1744712232381 0.6933590173721313 10
1744712232390 0.6922038793563843 11
1744712232399 0.6914228796958923 12
1744712232408 0.6914471387863159 13
1744712232417 0.6930627822875977 14
1744712232427 0.6921327114105225 15
1744712232436 0.6913327574729919 16
1744712232445 0.6919969916343689 17
1744712232454 0.6924070715904236 18
1744712232463 0.6929308772087097 19
1744712232472 0.693235456943512 20
1744712232481 0.6915075778961182 21
