1744712232163 0.5025380849838257 0
1744712232229 0.5532994866371155 1
1744712232256 0.5431472063064575 2
1744712232273 0.5076141953468323 3
1744712232291 0.5126903653144836 4
1744712232319 0.5177664756774902 5
1744712232332 0.5177664756774902 6
1744712232344 0.4974619150161743 7
1744712232356 0.5634517669677734 8
1744712232367 0.5380710363388062 9
1744712232376 0.5228426456451416 10
1744712232385 0.5736040472984314 11
1744712232395 0.5685279369354248 12
1744712232404 0.5685279369354248 13
1744712232413 0.5634517669677734 14
1744712232422 0.5532994866371155 15
1744712232431 0.5685279369354248 16
1744712232441 0.5888324975967407 17
1744712232450 0.5329949259757996 18
1744712232459 0.5380710363388062 19
1744712232468 0.5279187560081482 20
1744712232477 0.5685279369354248 21
