1744713083484 0.6924781799316406 0
1744713083502 0.6909274458885193 1
1744713083519 0.6896488070487976 2
1744713083537 0.6881502270698547 3
1744713083555 0.6867712736129761 4
1744713083573 0.685421347618103 5
1744713083588 0.683896541595459 6
1744713083602 0.6826859712600708 7
1744713083615 0.6814650893211365 8
1744713083628 0.6800609827041626 9
1744713083649 0.6788302063941956 10
1744713083668 0.677721381187439 11
1744713083685 0.6763973832130432 12
1744713083700 0.675133466720581 13
1744713083713 0.6742128729820251 14
1744713083726 0.6729683876037598 15
1744713083738 0.6721072793006897 16
1744713083755 0.6713377833366394 17
1744713083770 0.6703460216522217 18
1744713083787 0.6700794100761414 19
1744713083804 0.6694055795669556 20
