1744713083476 0.5634517669677734 0
1744713083495 0.5837563276290894 1
1744713083512 0.5939086079597473 2
1744713083527 0.5837563276290894 3
1744713083546 0.5939086079597473 4
1744713083564 0.5939086079597473 5
1744713083581 0.5888324975967407 6
1744713083595 0.5888324975967407 7
1744713083609 0.5837563276290894 8
1744713083622 0.5888324975967407 9
1744713083640 0.5837563276290894 10
1744713083659 0.5786802172660828 11
1744713083676 0.5786802172660828 12
1744713083693 0.5837563276290894 13
1744713083707 0.5888324975967407 14
1744713083720 0.5888324975967407 15
1744713083732 0.5837563276290894 16
1744713083746 0.5888324975967407 17
1744713083762 0.5888324975967407 18
1744713083777 0.5888324975967407 19
1744713083796 0.5888324975967407 20
