1743763513380 0.7007344961166382 0
1743763513390 0.706239640712738 1
1743763513400 0.7126225829124451 2
1743763513409 0.6841354966163635 3
1743763513418 0.7000497579574585 4
1743763513427 0.7091679573059082 5
1743763513436 0.6999562978744507 6
1743763513445 0.7042651772499084 7
1743763513455 0.710856556892395 8
1743763513464 0.6763094067573547 9
1743763513472 0.6678628921508789 10
1743763513481 0.7083432674407959 11
1743763513490 0.6866958141326904 12
1743763513499 0.6654786467552185 13
1743763513507 0.666999876499176 14
1743763513516 0.667160153388977 15
1743763513525 0.6544777154922485 16
