1743763513376 0.52173912525177 0
1743763513385 0.43478259444236755 1
1743763513395 0.3913043439388275 2
1743763513405 0.43478259444236755 3
1743763513413 0.43478259444236755 4
1743763513423 0.43478259444236755 5
1743763513432 0.52173912525177 6
1743763513441 0.43478259444236755 7
1743763513451 0.43478259444236755 8
1743763513460 0.5652173757553101 9
1743763513468 0.6521739363670349 10
1743763513477 0.3913043439388275 11
1743763513486 0.47826087474823 12
1743763513494 0.6521739363670349 13
1743763513503 0.6086956262588501 14
1743763513512 0.6086956262588501 15
1743763513521 0.6521739363670349 16
