1744882073579 0.6932424306869507 0
1744882073597 0.693034291267395 1
1744882073612 0.692419707775116 2
1744882073628 0.6923077702522278 3
1744882073642 0.6920932531356812 4
1744882073656 0.691794753074646 5
1744882073670 0.6914119124412537 6
1744882073684 0.691091775894165 7
1744882073699 0.6908913850784302 8
1744882073713 0.6905145645141602 9
1744882073728 0.6904312968254089 10
1744882073743 0.6899112462997437 11
1744882073759 0.6895151138305664 12
1744882073773 0.6892417669296265 13
1744882073788 0.6892151236534119 14
1744882073803 0.6885774731636047 15
1744882073818 0.6887929439544678 16
1744882073833 0.6875743865966797 17
1744882073847 0.6884835362434387 18
1744882073862 0.6874662041664124 19
1744882073877 0.6867772340774536 20
