1744400897009 0.6951289176940918 0
1744400897028 0.6924989819526672 1
1744400897040 0.6899519562721252 2
1744400897052 0.689135730266571 3
1744400897070 0.6833204627037048 4
1744400897083 0.6852602362632751 5
1744400897094 0.6839858889579773 6
1744400897106 0.6833491325378418 7
1744400897118 0.6831895709037781 8
1744400897129 0.6804733872413635 9
1744400897141 0.6818426251411438 10
1744400897152 0.6777868866920471 11
1744400897163 0.6778645515441895 12
1744400897175 0.6776124835014343 13
1744400897189 0.6748302578926086 14
1744400897201 0.6754074096679688 15
