1744712817196 0.6947726607322693 0
1744712817209 0.6932383179664612 1
1744712817223 0.6938406825065613 2
1744712817237 0.6928591132164001 3
1744712817251 0.6943522691726685 4
1744712817266 0.6932044625282288 5
1744712817317 0.6928684115409851 6
1744712817345 0.6925392746925354 7
1744712817359 0.6927855610847473 8
1744712817373 0.6919451355934143 9
1744712817387 0.692731499671936 10
1744712817400 0.6934731006622314 11
1744712817414 0.693148672580719 12
1744712817428 0.6918054819107056 13
1744712817446 0.6911427974700928 14
1744712817471 0.6914687752723694 15
1744712817491 0.69120192527771 16
1744712817505 0.6917587518692017 17
1744712817522 0.6922416687011719 18
1744712817536 0.6916158199310303 19
1744712817549 0.6922557950019836 20
1744712817563 0.6925193071365356 21
1744712817578 0.6918960809707642 22
1744712817594 0.6919400095939636 23
1744712817611 0.691821813583374 24
1744712817626 0.6914806962013245 25
1744712817645 0.6911660432815552 26
1744712817665 0.691367506980896 27
1744712817684 0.6908007860183716 28
1744712817701 0.6913106441497803 29
