1744881636709 0.5228426456451416 0
1744881636726 0.5685279369354248 1
1744881636741 0.5685279369354248 2
1744881636755 0.5685279369354248 3
1744881636769 0.5685279369354248 4
1744881636782 0.5634517669677734 5
1744881636794 0.5736040472984314 6
1744881636809 0.5786802172660828 7
1744881636821 0.6040608882904053 8
1744881636833 0.5736040472984314 9
1744881636845 0.5939086079597473 10
1744881636858 0.624365508556366 11
1744881636870 0.5888324975967407 12
1744881636882 0.5736040472984314 13
1744881636894 0.6142131686210632 14
1744881636907 0.5989847779273987 15
1744881636920 0.5939086079597473 16
1744881636932 0.6040608882904053 17
1744881636944 0.6091370582580566 18
