1744881636717 0.6926732659339905 0
1744881636733 0.6907945871353149 1
1744881636749 0.6889896392822266 2
1744881636763 0.6865396499633789 3
1744881636776 0.6846939325332642 4
1744881636788 0.6854260563850403 5
1744881636802 0.6829402446746826 6
1744881636815 0.6793975234031677 7
1744881636827 0.6749308109283447 8
1744881636839 0.6716318130493164 9
1744881636852 0.6753578186035156 10
1744881636864 0.6683858633041382 11
1744881636876 0.6726974844932556 12
1744881636888 0.6672441363334656 13
1744881636901 0.6650152206420898 14
1744881636913 0.6703193187713623 15
1744881636926 0.6716166138648987 16
1744881636938 0.6647351384162903 17
1744881636950 0.6506331562995911 18
