1744712976511 0.6941096186637878 0
1744712976525 0.6929089426994324 1
1744712976537 0.6930736303329468 2
1744712976550 0.6932908296585083 3
1744712976562 0.6928181648254395 4
1744712976576 0.6921873092651367 5
1744712976589 0.6921717524528503 6
1744712976602 0.6920156478881836 7
1744712976615 0.6917270421981812 8
1744712976628 0.6917930841445923 9
1744712976652 0.6908365488052368 10
1744712976668 0.6910552978515625 11
1744712976682 0.6913608312606812 12
1744712976707 0.6903275847434998 13
1744712976722 0.6902568936347961 14
1744712976735 0.6900601387023926 15
1744712976749 0.68993079662323 16
1744712976761 0.6892645359039307 17
1744712976774 0.6894258856773376 18
1744712976786 0.6888660788536072 19
1744712976799 0.6888810992240906 20
1744712976811 0.6888226270675659 21
1744712976822 0.6884869933128357 22
1744712976834 0.6888812780380249 23
1744712976846 0.6880952715873718 24
1744712976858 0.6879543662071228 25
1744712976869 0.6879290342330933 26
1744712976881 0.6871347427368164 27
1744712976893 0.6873520612716675 28
1744712976905 0.6876303553581238 29
