1744712976504 0.4568527936935425 0
1744712976518 0.5025380849838257 1
1744712976531 0.5685279369354248 2
1744712976544 0.4974619150161743 3
1744712976556 0.5482233762741089 4
1744712976569 0.6091370582580566 5
1744712976583 0.5685279369354248 6
1744712976596 0.5786802172660828 7
1744712976609 0.5939086079597473 8
1744712976621 0.5837563276290894 9
1744712976644 0.6040608882904053 10
1744712976659 0.6040608882904053 11
1744712976676 0.5532994866371155 12
1744712976695 0.5786802172660828 13
1744712976715 0.5685279369354248 14
1744712976729 0.5685279369354248 15
1744712976742 0.5532994866371155 16
1744712976755 0.5888324975967407 17
1744712976768 0.5634517669677734 18
1744712976781 0.5837563276290894 19
1744712976793 0.5989847779273987 20
1744712976805 0.5837563276290894 21
1744712976816 0.5786802172660828 22
1744712976828 0.5634517669677734 23
1744712976840 0.5837563276290894 24
1744712976852 0.5786802172660828 25
1744712976863 0.5837563276290894 26
1744712976875 0.5888324975967407 27
1744712976887 0.5685279369354248 28
1744712976899 0.5939086079597473 29
