1744367585868 0.6934341788291931 0
1744367585879 0.693900465965271 1
1744367585890 0.6939957737922668 2
1744367585899 0.6938989162445068 3
1744367585912 0.6936988830566406 4
1744367585925 0.6930382251739502 5
1744367585938 0.6930521726608276 6
1744367585952 0.6926655173301697 7
1744367585965 0.6932776570320129 8
1744367585975 0.6926872134208679 9
1744367585986 0.6927433609962463 10
1744367585996 0.6925111413002014 11
1744367586007 0.6920285820960999 12
1744367586019 0.6917359232902527 13
1744367586028 0.6919513940811157 14
