1744282515813 0.5510203838348389 0
1744282515824 0.5663265585899353 1
1744282515835 0.6377550959587097 2
1744282515845 0.6377550959587097 3
1744282515855 0.6122449040412903 4
1744282515867 0.6173469424247742 5
1744282515878 0.6428571343421936 6
1744282515890 0.6275510191917419 7
1744282515900 0.6224489808082581 8
1744282515910 0.6479591727256775 9
1744282515922 0.6224489808082581 10
1744282515933 0.6326530575752258 11
1744282515944 0.6377550959587097 12
1744282515955 0.6377550959587097 13
1744282515966 0.6581632494926453 14
