1744282515818 0.6905420422554016 0
1744282515830 0.675447404384613 1
1744282515840 0.6701576709747314 2
1744282515850 0.6668735146522522 3
1744282515862 0.6686154007911682 4
1744282515872 0.6617490649223328 5
1744282515884 0.6589162945747375 6
1744282515895 0.6638748645782471 7
1744282515905 0.6616790890693665 8
1744282515916 0.6575920581817627 9
1744282515927 0.654731035232544 10
1744282515938 0.6503321528434753 11
1744282515950 0.6509466767311096 12
1744282515961 0.6507251262664795 13
1744282515972 0.6483709812164307 14
