1744882247113 0.5634517669677734 0
1744882247126 0.5634517669677734 1
1744882247139 0.5634517669677734 2
1744882247151 0.5634517669677734 3
1744882247164 0.5634517669677734 4
1744882247177 0.5634517669677734 5
1744882247190 0.5634517669677734 6
1744882247202 0.5634517669677734 7
1744882247215 0.5685279369354248 8
1744882247232 0.5685279369354248 9
1744882247244 0.5786802172660828 10
1744882247257 0.5583756566047668 11
1744882247269 0.5786802172660828 12
1744882247282 0.5736040472984314 13
1744882247294 0.5786802172660828 14
1744882247307 0.6040608882904053 15
1744882247321 0.5685279369354248 16
1744882247333 0.5989847779273987 17
1744882247346 0.6040608882904053 18
1744882247358 0.5888324975967407 19
1744882247371 0.5786802172660828 20
1744882247383 0.5888324975967407 21
1744882247396 0.5939086079597473 22
1744882247409 0.5989847779273987 23
1744882247421 0.624365508556366 24
1744882247434 0.6548223495483398 25
1744882247446 0.6142131686210632 26
1744882247458 0.624365508556366 27
1744882247471 0.6294416189193726 28
1744882247483 0.6142131686210632 29
