1744886060153 0.4948979616165161 0
1744886060163 0.5102040767669678 1
1744886060179 0.5 2
1744886060187 0.5561224222183228 3
1744886060196 0.5612244606018066 4
1744886060203 0.5765306353569031 5
1744886060211 0.5357142686843872 6
1744886060219 0.5918367505073547 7
1744886060227 0.5663265585899353 8
1744886060235 0.5612244606018066 9
1744886060243 0.5714285969734192 10
1744886060251 0.581632673740387 11
1744886060259 0.6071428656578064 12
1744886060266 0.5714285969734192 13
1744886060274 0.5663265585899353 14
1744886060281 0.6020408272743225 15
1744886060289 0.5969387888908386 16
1744886060296 0.5918367505073547 17
1744886060308 0.581632673740387 18
1744886060316 0.5867347121238708 19
1744886060324 0.5867347121238708 20
1744886060332 0.6020408272743225 21
1744886060340 0.5918367505073547 22
1744886060348 0.5969387888908386 23
1744886060356 0.5918367505073547 24
1744886060364 0.5918367505073547 25
1744886060372 0.5918367505073547 26
1744886060380 0.5918367505073547 27
1744886060388 0.5969387888908386 28
1744886060395 0.5867347121238708 29
