1744886060158 0.6942093372344971 0
1744886060175 0.6936466693878174 1
1744886060183 0.6934569478034973 2
1744886060191 0.6927581429481506 3
1744886060199 0.6927638053894043 4
1744886060207 0.6922881603240967 5
1744886060215 0.6926676034927368 6
1744886060223 0.6920685768127441 7
1744886060231 0.6921195983886719 8
1744886060239 0.6916528940200806 9
1744886060247 0.6914716958999634 10
1744886060255 0.6912348866462708 11
1744886060262 0.6905933022499084 12
1744886060270 0.6905313730239868 13
1744886060278 0.6908089518547058 14
1744886060285 0.6899027824401855 15
1744886060292 0.6901408433914185 16
1744886060301 0.689548671245575 17
1744886060312 0.6891726851463318 18
1744886060320 0.6890063881874084 19
1744886060328 0.6892566084861755 20
1744886060336 0.6885843873023987 21
1744886060344 0.6883608102798462 22
1744886060352 0.6885828375816345 23
1744886060360 0.6873967051506042 24
1744886060368 0.6875371932983398 25
1744886060376 0.6882728338241577 26
1744886060384 0.6874300837516785 27
1744886060391 0.687462568283081 28
1744886060399 0.686674952507019 29
