1744882512318 0.6934956908226013 0
1744882512332 0.6920217275619507 1
1744882512352 0.6914859414100647 2
1744882512365 0.6906313896179199 3
1744882512379 0.6896354556083679 4
1744882512392 0.6883578300476074 5
1744882512405 0.6869192123413086 6
1744882512418 0.6874058246612549 7
1744882512431 0.685604453086853 8
1744882512445 0.6850686073303223 9
1744882512458 0.6823378801345825 10
1744882512471 0.6808224320411682 11
1744882512484 0.6801522970199585 12
1744882512500 0.6786891222000122 13
1744882512513 0.6767753958702087 14
1744882512527 0.6761625409126282 15
1744882512541 0.6743685603141785 16
1744882512555 0.6760127544403076 17
1744882512568 0.6712397336959839 18
1744882512582 0.670656144618988 19
1744882512594 0.6766295433044434 20
1744882512607 0.6670092344284058 21
1744882512619 0.6643691658973694 22
1744882512632 0.6611635684967041 23
1744882512644 0.6621526479721069 24
1744882512657 0.655142605304718 25
1744882512669 0.6598976850509644 26
1744882512682 0.6589928865432739 27
1744882512694 0.655035674571991 28
1744882512708 0.659038245677948 29
