1744882512310 0.5025380849838257 0
1744882512325 0.5736040472984314 1
1744882512340 0.5786802172660828 2
1744882512358 0.5736040472984314 3
1744882512372 0.5634517669677734 4
1744882512386 0.5786802172660828 5
1744882512399 0.5786802172660828 6
1744882512412 0.5532994866371155 7
1744882512425 0.5786802172660828 8
1744882512438 0.5736040472984314 9
1744882512451 0.5634517669677734 10
1744882512465 0.5583756566047668 11
1744882512478 0.5786802172660828 12
1744882512490 0.5634517669677734 13
1744882512507 0.5736040472984314 14
1744882512521 0.5786802172660828 15
1744882512533 0.5939086079597473 16
1744882512548 0.5939086079597473 17
1744882512562 0.5939086079597473 18
1744882512575 0.6142131686210632 19
1744882512588 0.5989847779273987 20
1744882512600 0.5989847779273987 21
1744882512613 0.6294416189193726 22
1744882512626 0.6192893385887146 23
1744882512638 0.6142131686210632 24
1744882512651 0.6142131686210632 25
1744882512663 0.6192893385887146 26
1744882512676 0.6142131686210632 27
1744882512688 0.624365508556366 28
1744882512701 0.6345177888870239 29
