1744401144318 0.7385863661766052 0
1744401144328 0.7046945691108704 1
1744401144338 0.7071406841278076 2
1744401144347 0.6856443285942078 3
1744401144358 0.6761354804039001 4
1744401144368 0.702791690826416 5
1744401144378 0.6726369857788086 6
1744401144388 0.6752493381500244 7
1744401144398 0.6310185194015503 8
1744401144408 0.659296989440918 9
1744401144418 0.6535987854003906 10
1744401144428 0.6637529730796814 11
1744401144438 0.6499744057655334 12
1744401144448 0.6637721061706543 13
1744401144458 0.6444513201713562 14
1744401144468 0.6581352949142456 15
1744401144478 0.6332257390022278 16
1744401144488 0.6412189602851868 17
1744401144498 0.6129408478736877 18
1744401144508 0.6248895525932312 19
1744401144518 0.6361973285675049 20
1744401144528 0.643074095249176 21
1744401144539 0.6197125911712646 22
1744401144549 0.6191152930259705 23
1744401144560 0.619764506816864 24
