1744401144311 0.5104166865348816 0
1744401144323 0.515625 1
1744401144333 0.5208333134651184 2
1744401144342 0.578125 3
1744401144353 0.5572916865348816 4
1744401144363 0.5416666865348816 5
1744401144373 0.5625 6
1744401144383 0.5625 7
1744401144393 0.640625 8
1744401144403 0.609375 9
1744401144413 0.6510416865348816 10
1744401144423 0.5625 11
1744401144433 0.6197916865348816 12
1744401144443 0.6145833134651184 13
1744401144453 0.625 14
1744401144463 0.625 15
1744401144473 0.6302083134651184 16
1744401144483 0.625 17
1744401144493 0.6979166865348816 18
1744401144503 0.6614583134651184 19
1744401144513 0.640625 20
1744401144523 0.6614583134651184 21
1744401144533 0.6510416865348816 22
1744401144544 0.6770833134651184 23
1744401144554 0.65625 24
