1744886393785 0.5102040767669678 0
1744886393795 0.5408163070678711 1
1744886393802 0.47448980808258057 2
1744886393811 0.5153061151504517 3
1744886393823 0.5510203838348389 4
1744886393831 0.4693877696990967 5
1744886393842 0.5408163070678711 6
1744886393851 0.5153061151504517 7
1744886393859 0.5204081535339355 8
1744886393867 0.5408163070678711 9
1744886393875 0.5357142686843872 10
1744886393883 0.5714285969734192 11
1744886393891 0.5561224222183228 12
1744886393900 0.5510203838348389 13
1744886393908 0.5714285969734192 14
1744886393916 0.5969387888908386 15
1744886393924 0.545918345451355 16
1744886393932 0.5561224222183228 17
1744886393940 0.5663265585899353 18
1744886393948 0.5663265585899353 19
1744886393956 0.5612244606018066 20
1744886393964 0.5765306353569031 21
1744886393972 0.5918367505073547 22
1744886393980 0.6020408272743225 23
1744886393988 0.6020408272743225 24
1744886393997 0.5765306353569031 25
1744886394005 0.581632673740387 26
1744886394013 0.6020408272743225 27
1744886394021 0.6020408272743225 28
1744886394029 0.5867347121238708 29
