1744886393789 0.6935864686965942 0
1744886393799 0.6934974789619446 1
1744886393806 0.6934193968772888 2
1744886393815 0.6932637691497803 3
1744886393827 0.6927278637886047 4
1744886393838 0.6933398246765137 5
1744886393846 0.6933326125144958 6
1744886393855 0.6928259134292603 7
1744886393863 0.6924287676811218 8
1744886393871 0.6919941902160645 9
1744886393879 0.692008912563324 10
1744886393887 0.6919476985931396 11
1744886393896 0.691874623298645 12
1744886393904 0.6916170120239258 13
1744886393912 0.6911745071411133 14
1744886393920 0.6899874806404114 15
1744886393928 0.6915106773376465 16
1744886393936 0.691155195236206 17
1744886393944 0.6909124255180359 18
1744886393952 0.6898436546325684 19
1744886393960 0.6905316114425659 20
1744886393968 0.6905734539031982 21
1744886393976 0.6897792220115662 22
1744886393984 0.6899482607841492 23
1744886393993 0.689173698425293 24
1744886394001 0.6891072392463684 25
1744886394009 0.6888646483421326 26
1744886394017 0.6892776489257812 27
1744886394025 0.6885066032409668 28
1744886394033 0.6884920597076416 29
