1743762945733 0.6889650821685791 0
1743762945758 0.6678329706192017 1
1743762945784 0.6764513254165649 2
1743762945805 0.6509929299354553 3
1743762945859 0.6573006510734558 4
1743762945876 0.6808081269264221 5
1743762945892 0.6456412076950073 6
1743762945910 0.6510162949562073 7
1743762945930 0.6244087815284729 8
1743762945946 0.6503961682319641 9
1743762945966 0.6446448564529419 10
1743762945985 0.6190654635429382 11
1743762946010 0.6159548759460449 12
1743762946035 0.5861839056015015 13
1743762946051 0.6193901896476746 14
1743762946068 0.6070290207862854 15
1743762946086 0.6325898170471191 16
1743762946103 0.6020598411560059 17
1743762946117 0.616370677947998 18
