1744282243002 0.5408163070678711 0
1744282243014 0.5561224222183228 1
1744282243025 0.5408163070678711 2
1744282243037 0.5408163070678711 3
1744282243048 0.5357142686843872 4
1744282243059 0.5714285969734192 5
1744282243069 0.5867347121238708 6
1744282243079 0.5663265585899353 7
1744282243091 0.5306122303009033 8
1744282243101 0.5561224222183228 9
1744282243112 0.5714285969734192 10
1744282243123 0.5612244606018066 11
1744282243134 0.5867347121238708 12
1744282243144 0.5612244606018066 13
1744282243154 0.5867347121238708 14
