1744282243008 0.6964724063873291 0
1744282243020 0.6853723526000977 1
1744282243032 0.6965133547782898 2
1744282243043 0.6890034079551697 3
1744282243053 0.6856743097305298 4
1744282243064 0.6843459606170654 5
1744282243074 0.6795690655708313 6
1744282243085 0.6820332407951355 7
1744282243096 0.6919288635253906 8
1744282243107 0.6853435039520264 9
1744282243118 0.6883606910705566 10
1744282243129 0.6776954531669617 11
1744282243139 0.675184428691864 12
1744282243149 0.6810261607170105 13
1744282243159 0.6721665263175964 14
