1744713093683 0.6920806765556335 0
1744713093704 0.6917028427124023 1
1744713093731 0.6914528608322144 2
1744713093762 0.6912444233894348 3
1744713093778 0.691015899181366 4
1744713093793 0.6907501220703125 5
1744713093810 0.6905206441879272 6
1744713093825 0.6902698874473572 7
1744713093844 0.6899890303611755 8
1744713093865 0.6897667646408081 9
1744713093882 0.6895359754562378 10
1744713093936 0.6892816424369812 11
1744713093980 0.6890096664428711 12
1744713094017 0.688774824142456 13
1744713094047 0.6885432004928589 14
1744713094072 0.6882570385932922 15
1744713094092 0.6879969835281372 16
1744713094111 0.6876890659332275 17
1744713094131 0.6873772144317627 18
