1744886942595 0.5255101919174194 0
1744886942607 0.5306122303009033 1
1744886942619 0.5357142686843872 2
1744886942630 0.6122449040412903 3
1744886942640 0.5969387888908386 4
1744886942650 0.5918367505073547 5
1744886942659 0.5969387888908386 6
1744886942667 0.5867347121238708 7
1744886942676 0.5918367505073547 8
1744886942684 0.6224489808082581 9
1744886942693 0.6071428656578064 10
1744886942702 0.6020408272743225 11
1744886942711 0.6224489808082581 12
1744886942719 0.5765306353569031 13
1744886942728 0.6173469424247742 14
1744886942738 0.6173469424247742 15
1744886942749 0.6122449040412903 16
1744886942758 0.6020408272743225 17
1744886942768 0.6020408272743225 18
1744886942777 0.6020408272743225 19
1744886942786 0.6071428656578064 20
1744886942796 0.6224489808082581 21
1744886942804 0.6224489808082581 22
