1744886942601 0.6926450133323669 0
1744886942615 0.6926994323730469 1
1744886942624 0.6920266151428223 2
1744886942636 0.691278338432312 3
1744886942645 0.6907462477684021 4
1744886942654 0.6903457045555115 5
1744886942663 0.6903054118156433 6
1744886942672 0.6896950006484985 7
1744886942681 0.6894539594650269 8
1744886942689 0.6891621351242065 9
1744886942698 0.6890910267829895 10
1744886942707 0.6877718567848206 11
1744886942715 0.6874687075614929 12
1744886942724 0.6876863241195679 13
1744886942732 0.6875515580177307 14
1744886942744 0.6872200965881348 15
1744886942754 0.6858762502670288 16
1744886942763 0.6862693428993225 17
1744886942773 0.6859316229820251 18
1744886942781 0.6859561204910278 19
1744886942791 0.6852265000343323 20
1744886942800 0.6842542290687561 21
1744886942808 0.6848398447036743 22
