1744282256698 0.801295816898346 0
1744282256708 0.7895429134368896 1
1744282256717 0.7772940993309021 2
1744282256726 0.8296171426773071 3
1744282256735 0.7742230892181396 4
1744282256744 0.7695639729499817 5
1744282256752 0.7873567342758179 6
1744282256761 0.7774218916893005 7
1744282256770 0.753095269203186 8
1744282256779 0.7798128724098206 9
1744282256788 0.7645106911659241 10
1744282256797 0.7540422677993774 11
1744282256807 0.7636752128601074 12
1744282256817 0.7489120960235596 13
1744282256826 0.7601170539855957 14
1744282256836 0.7446035146713257 15
1744282256844 0.7415066957473755 16
1744282256853 0.7499738931655884 17
1744282256861 0.7315686941146851 18
1744282256871 0.7440492510795593 19
1744282256880 0.7305298447608948 20
1744282256890 0.7408241033554077 21
1744282256899 0.7211901545524597 22
1744282256909 0.7357838153839111 23
1744282256918 0.72650545835495 24
1744282256928 0.7444612383842468 25
1744282256937 0.7338465452194214 26
1744282256947 0.7422304153442383 27
1744282256955 0.7231330275535583 28
1744282256965 0.7344539165496826 29
