1744282256692 0.4336734712123871 0
1744282256703 0.43877550959587097 1
1744282256712 0.4336734712123871 2
1744282256722 0.43877550959587097 3
1744282256731 0.44897958636283875 4
1744282256740 0.44387754797935486 5
1744282256748 0.4285714328289032 6
1744282256757 0.44387754797935486 7
1744282256765 0.4183673560619354 8
1744282256774 0.44387754797935486 9
1744282256783 0.4336734712123871 10
1744282256793 0.44897958636283875 11
1744282256802 0.43877550959587097 12
1744282256812 0.43877550959587097 13
1744282256822 0.44897958636283875 14
1744282256832 0.45408162474632263 15
1744282256840 0.45408162474632263 16
1744282256848 0.44897958636283875 17
1744282256857 0.47448980808258057 18
1744282256866 0.4336734712123871 19
1744282256875 0.45408162474632263 20
1744282256884 0.43877550959587097 21
1744282256894 0.4642857015132904 22
1744282256905 0.44387754797935486 23
1744282256914 0.43877550959587097 24
1744282256923 0.4285714328289032 25
1744282256932 0.47448980808258057 26
1744282256942 0.4234693944454193 27
1744282256951 0.48469388484954834 28
1744282256960 0.43877550959587097 29
