1744711799620 0.6918940544128418 0
1744711799639 0.6920032501220703 1
1744711799649 0.6912974119186401 2
1744711799657 0.6913243532180786 3
1744711799667 0.6909923553466797 4
1744711799677 0.6907723546028137 5
1744711799687 0.6897554397583008 6
1744711799696 0.6906718015670776 7
1744711799705 0.6890295147895813 8
1744711799714 0.6900332570075989 9
1744711799731 0.6879649758338928 10
1744711799741 0.6889427900314331 11
1744711799750 0.6894833445549011 12
1744711799759 0.6872360110282898 13
1744711799768 0.6878914833068848 14
