1744712278292 0.6934505701065063 0
1744712278303 0.6922813653945923 1
1744712278320 0.6912223696708679 2
1744712278329 0.6902288198471069 3
1744712278344 0.6893572211265564 4
1744712278354 0.6885377764701843 5
1744712278364 0.6875490546226501 6
1744712278373 0.6867449879646301 7
1744712278383 0.6858077645301819 8
1744712278391 0.6850545406341553 9
1744712278401 0.6842190027236938 10
1744712278409 0.683677613735199 11
1744712278417 0.6831523180007935 12
1744712278426 0.6824666261672974 13
1744712278435 0.681602954864502 14
1744712278443 0.6808724403381348 15
1744712278451 0.6799026131629944 16
1744712278460 0.6789605021476746 17
