1744279644443 0.7033997178077698 0
1744279644454 0.7028430104255676 1
1744279644465 0.7155340313911438 2
1744279644476 0.7262415289878845 3
1744279644494 0.7035152912139893 4
1744279644506 0.7005710005760193 5
1744279644516 0.702636182308197 6
1744279644528 0.7141261100769043 7
1744279644539 0.7100827097892761 8
1744279644550 0.6962379813194275 9
1744279644561 0.6819084286689758 10
1744279644573 0.6896071434020996 11
1744279644584 0.7113150954246521 12
1744279644595 0.7079254388809204 13
1744279644605 0.6997253894805908 14
1744279644616 0.7097103595733643 15
1744279644627 0.7043091654777527 16
1744279644638 0.7057749032974243 17
1744279644649 0.6916801333427429 18
1744279644660 0.698581874370575 19
1744279644671 0.7124788165092468 20
1744279644682 0.7138687968254089 21
1744279644693 0.6851246356964111 22
1744279644704 0.6959459185600281 23
1744279644715 0.6868640184402466 24
1744279644726 0.6957417130470276 25
