1744367728320 0.692686915397644 0
1744367728327 0.6929209232330322 1
1744367728336 0.6921493411064148 2
1744367728344 0.6919798851013184 3
1744367728352 0.691496729850769 4
1744367728360 0.6909241080284119 5
1744367728368 0.6909080743789673 6
1744367728376 0.6910051107406616 7
1744367728384 0.6901631355285645 8
1744367728392 0.6897534132003784 9
1744367728400 0.6893183588981628 10
1744367728408 0.6893687844276428 11
1744367728415 0.688164472579956 12
1744367728423 0.6889147162437439 13
1744367728431 0.6883695721626282 14
1744367728439 0.6875281929969788 15
1744367728447 0.687233030796051 16
1744367728455 0.6879227757453918 17
1744367728463 0.686739444732666 18
1744367728472 0.6867109537124634 19
1744367728479 0.6857451796531677 20
1744367728487 0.6857718229293823 21
1744367728494 0.6858898997306824 22
