1744886100816 0.6922999024391174 0
1744886100836 0.6899532675743103 1
1744886100847 0.6873566508293152 2
1744886100867 0.6850678324699402 3
1744886100876 0.683288037776947 4
1744886100885 0.6802408695220947 5
1744886100894 0.6780051589012146 6
1744886100903 0.6750502586364746 7
1744886100911 0.6724631786346436 8
1744886100919 0.6693274974822998 9
1744886100927 0.6671352982521057 10
1744886100935 0.6647196412086487 11
1744886100943 0.6638331413269043 12
1744886100952 0.661793053150177 13
1744886100960 0.6598511338233948 14
1744886100968 0.6582956314086914 15
1744886100976 0.6566120982170105 16
1744886100983 0.6552658081054688 17
1744886100991 0.6552284955978394 18
