1744886100807 0.545918345451355 0
1744886100821 0.5969387888908386 1
1744886100842 0.581632673740387 2
1744886100862 0.5918367505073547 3
1744886100872 0.6122449040412903 4
1744886100881 0.6122449040412903 5
1744886100889 0.6122449040412903 6
1744886100898 0.6173469424247742 7
1744886100908 0.6224489808082581 8
1744886100915 0.6224489808082581 9
1744886100923 0.6173469424247742 10
1744886100931 0.6275510191917419 11
1744886100939 0.6275510191917419 12
1744886100947 0.6122449040412903 13
1744886100956 0.6173469424247742 14
1744886100964 0.6071428656578064 15
1744886100972 0.6071428656578064 16
1744886100980 0.5969387888908386 17
1744886100987 0.6020408272743225 18
