1744711689623 0.4568527936935425 0
1744711689638 0.5177664756774902 1
1744711689648 0.5685279369354248 2
1744711689657 0.5837563276290894 3
1744711689666 0.5786802172660828 4
1744711689684 0.5786802172660828 5
1744711689694 0.5786802172660828 6
1744711689703 0.5786802172660828 7
1744711689712 0.5685279369354248 8
1744711689720 0.5786802172660828 9
1744711689727 0.5888324975967407 10
1744711689738 0.5888324975967407 11
1744711689750 0.5837563276290894 12
1744711689761 0.5939086079597473 13
1744711689770 0.5989847779273987 14
