1744711758027 0.4974619150161743 0
1744711758037 0.49238577485084534 1
1744711758047 0.4974619150161743 2
1744711758058 0.5025380849838257 3
1744711758068 0.5228426456451416 4
1744711758076 0.5126903653144836 5
1744711758085 0.5177664756774902 6
1744711758093 0.5329949259757996 7
1744711758101 0.5329949259757996 8
1744711758108 0.5380710363388062 9
1744711758117 0.5279187560081482 10
1744711758125 0.5431472063064575 11
1744711758133 0.5482233762741089 12
1744711758143 0.5583756566047668 13
1744711758151 0.5634517669677734 14
1744711758160 0.5685279369354248 15
1744711758169 0.5685279369354248 16
1744711758177 0.5685279369354248 17
1744711758186 0.5634517669677734 18
1744711758195 0.5532994866371155 19
1744711758203 0.5482233762741089 20
1744711758212 0.5482233762741089 21
1744711758220 0.5532994866371155 22
1744711758228 0.5583756566047668 23
1744711758238 0.5634517669677734 24
1744711758249 0.5786802172660828 25
1744711758257 0.5786802172660828 26
