1744711758032 0.6939511895179749 0
1744711758042 0.6937344074249268 1
1744711758053 0.6935383677482605 2
1744711758063 0.6933754682540894 3
1744711758072 0.6932238340377808 4
1744711758080 0.6930603384971619 5
1744711758089 0.692894697189331 6
1744711758097 0.692757785320282 7
1744711758105 0.6926165819168091 8
1744711758113 0.6925253868103027 9
1744711758121 0.6923805475234985 10
1744711758129 0.692240297794342 11
1744711758138 0.6921306252479553 12
1744711758147 0.6919894814491272 13
1744711758155 0.6918366551399231 14
1744711758164 0.6916947960853577 15
1744711758173 0.6915388703346252 16
1744711758182 0.6914092898368835 17
1744711758191 0.6912234425544739 18
1744711758199 0.691107988357544 19
1744711758208 0.6910144090652466 20
1744711758216 0.6909350752830505 21
1744711758224 0.6907725930213928 22
1744711758233 0.6906790137290955 23
1744711758244 0.6905372142791748 24
1744711758253 0.6904147863388062 25
1744711758261 0.6902784109115601 26
