1743763427675 0.6607465744018555 0
1743763427684 0.6486350893974304 1
1743763427693 0.6490162014961243 2
1743763427701 0.6643640995025635 3
1743763427710 0.6204816699028015 4
1743763427719 0.6562632918357849 5
1743763427730 0.648105800151825 6
1743763427740 0.6400772333145142 7
1743763427750 0.6803193092346191 8
1743763427759 0.618678867816925 9
1743763427767 0.6041151285171509 10
1743763427776 0.6270961761474609 11
1743763427785 0.6477283835411072 12
1743763427794 0.6236551403999329 13
1743763427804 0.6011960506439209 14
1743763427812 0.6603169441223145 15
1743763427823 0.60357266664505 16
1743763427832 0.6126529574394226 17
1743763427841 0.5787984728813171 18
