1744711932151 0.5279187560081482 0
1744711932173 0.5279187560081482 1
1744711932186 0.5482233762741089 2
1744711932202 0.5786802172660828 3
1744711932218 0.5736040472984314 4
1744711932237 0.6142131686210632 5
1744711932249 0.6040608882904053 6
1744711932259 0.5989847779273987 7
1744711932268 0.5989847779273987 8
1744711932287 0.5786802172660828 9
1744711932305 0.5736040472984314 10
1744711932315 0.5482233762741089 11
1744711932325 0.5736040472984314 12
1744711932333 0.5736040472984314 13
1744711932342 0.5786802172660828 14
1744711932351 0.5736040472984314 15
1744711932361 0.6091370582580566 16
1744711932370 0.5888324975967407 17
1744711932378 0.5888324975967407 18
1744711932388 0.5837563276290894 19
