1744711932166 0.6932833194732666 0
1744711932179 0.6930962800979614 1
1744711932193 0.6926020383834839 2
1744711932209 0.692241907119751 3
1744711932225 0.6925984621047974 4
1744711932244 0.6916173696517944 5
1744711932254 0.691561222076416 6
1744711932263 0.6916724443435669 7
1744711932274 0.6913343667984009 8
1744711932296 0.6914713978767395 9
1744711932310 0.6910208463668823 10
1744711932321 0.6911537647247314 11
1744711932329 0.6903896927833557 12
1744711932338 0.6904088258743286 13
1744711932347 0.689574122428894 14
1744711932356 0.6894663572311401 15
1744711932366 0.6890721917152405 16
1744711932374 0.6889829039573669 17
1744711932383 0.6890266537666321 18
1744711932393 0.6888073682785034 19
