1744712842282 0.6925557851791382 0
1744712842305 0.6924011707305908 1
1744712842323 0.6922913193702698 2
1744712842342 0.6921530961990356 3
1744712842356 0.6920483708381653 4
1744712842369 0.6918761134147644 5
1744712842382 0.6917276382446289 6
1744712842395 0.691608726978302 7
1744712842408 0.6914651393890381 8
1744712842420 0.6913501620292664 9
1744712842440 0.6912034749984741 10
1744712842454 0.691074013710022 11
1744712842467 0.6909341812133789 12
1744712842480 0.6907792687416077 13
1744712842493 0.6906668543815613 14
1744712842506 0.6905538439750671 15
1744712842520 0.6904757618904114 16
1744712842532 0.6903836131095886 17
1744712842555 0.6902921199798584 18
1744712842568 0.6901763081550598 19
1744712842579 0.6900409460067749 20
1744712842591 0.6899126172065735 21
1744712842603 0.6897600293159485 22
1744712842616 0.6895972490310669 23
1744712842629 0.689444363117218 24
1744712842641 0.689272940158844 25
1744712842653 0.6891446113586426 26
1744712842666 0.689034640789032 27
1744712842679 0.688915491104126 28
1744712842692 0.6887828707695007 29
