1744712842269 0.5380710363388062 0
1744712842298 0.5939086079597473 1
1744712842312 0.5989847779273987 2
1744712842336 0.5989847779273987 3
1744712842349 0.5989847779273987 4
1744712842363 0.5888324975967407 5
1744712842375 0.5939086079597473 6
1744712842388 0.5989847779273987 7
1744712842401 0.5888324975967407 8
1744712842413 0.5888324975967407 9
1744712842427 0.5736040472984314 10
1744712842447 0.5685279369354248 11
1744712842461 0.5837563276290894 12
1744712842473 0.5837563276290894 13
1744712842487 0.5939086079597473 14
1744712842500 0.5888324975967407 15
1744712842513 0.5888324975967407 16
1744712842526 0.5939086079597473 17
1744712842538 0.5989847779273987 18
1744712842561 0.5939086079597473 19
1744712842574 0.5888324975967407 20
1744712842585 0.5888324975967407 21
1744712842597 0.5888324975967407 22
1744712842609 0.5888324975967407 23
1744712842622 0.5888324975967407 24
1744712842636 0.5888324975967407 25
1744712842647 0.5888324975967407 26
1744712842659 0.5837563276290894 27
1744712842672 0.5837563276290894 28
1744712842686 0.5837563276290894 29
