1744882101948 0.6915003657341003 0
1744882101967 0.6891797184944153 1
1744882101980 0.6870056986808777 2
1744882101993 0.6849862337112427 3
1744882102006 0.6827821731567383 4
1744882102019 0.6806542873382568 5
1744882102032 0.6790719628334045 6
1744882102044 0.6772912740707397 7
1744882102057 0.6756923198699951 8
1744882102069 0.6737306714057922 9
1744882102082 0.6717588901519775 10
1744882102094 0.6706073880195618 11
1744882102107 0.6697348356246948 12
1744882102119 0.6687481999397278 13
1744882102132 0.6674933433532715 14
1744882102144 0.6677865982055664 15
1744882102157 0.6659499406814575 16
1744882102170 0.6643943190574646 17
1744882102182 0.6644321084022522 18
