1744882101939 0.5634517669677734 0
1744882101959 0.5634517669677734 1
1744882101974 0.5634517669677734 2
1744882101986 0.5634517669677734 3
1744882101999 0.5634517669677734 4
1744882102012 0.5634517669677734 5
1744882102025 0.5634517669677734 6
1744882102038 0.5634517669677734 7
1744882102050 0.5736040472984314 8
1744882102063 0.5786802172660828 9
1744882102075 0.5786802172660828 10
1744882102088 0.5736040472984314 11
1744882102100 0.5837563276290894 12
1744882102113 0.5837563276290894 13
1744882102125 0.5888324975967407 14
1744882102138 0.5989847779273987 15
1744882102151 0.5989847779273987 16
1744882102163 0.6345177888870239 17
1744882102176 0.6294416189193726 18
