1744711854470 0.5126903653144836 0
1744711854520 0.44162437319755554 1
1744711854541 0.4771573543548584 2
1744711854560 0.46192893385887146 3
1744711854574 0.4822334945201874 4
1744711854587 0.5482233762741089 5
1744711854601 0.5329949259757996 6
1744711854616 0.5431472063064575 7
1744711854629 0.5279187560081482 8
1744711854647 0.5634517669677734 9
1744711854658 0.5431472063064575 10
1744711854670 0.5939086079597473 11
1744711854681 0.6192893385887146 12
1744711854691 0.6091370582580566 13
1744711854701 0.5837563276290894 14
1744711854716 0.5989847779273987 15
1744711854732 0.5583756566047668 16
1744711854745 0.5685279369354248 17
1744711854765 0.5888324975967407 18
1744711854779 0.5837563276290894 19
1744711854791 0.6142131686210632 20
1744711854801 0.5989847779273987 21
1744711854811 0.6040608882904053 22
1744711854823 0.5786802172660828 23
1744711854837 0.5837563276290894 24
1744711854847 0.5736040472984314 25
1744711854857 0.5989847779273987 26
1744711854868 0.5837563276290894 27
1744711854877 0.5837563276290894 28
1744711854886 0.5736040472984314 29
