1744881724891 0.5025380849838257 0
1744881724904 0.5786802172660828 1
1744881724917 0.5685279369354248 2
1744881724930 0.5786802172660828 3
1744881724942 0.5786802172660828 4
1744881724954 0.6142131686210632 5
1744881724967 0.6142131686210632 6
1744881724980 0.6142131686210632 7
1744881724997 0.6142131686210632 8
1744881725009 0.6091370582580566 9
1744881725021 0.6091370582580566 10
1744881725041 0.6294416189193726 11
1744881725054 0.6294416189193726 12
1744881725066 0.624365508556366 13
1744881725079 0.6142131686210632 14
1744881725091 0.6192893385887146 15
1744881725104 0.6192893385887146 16
1744881725117 0.624365508556366 17
1744881725130 0.6446700692176819 18
1744881725142 0.624365508556366 19
1744881725155 0.6446700692176819 20
1744881725168 0.6345177888870239 21
1744881725180 0.624365508556366 22
1744881725193 0.6142131686210632 23
1744881725205 0.6598984599113464 24
1744881725218 0.6497461795806885 25
1744881725230 0.6649746298789978 26
1744881725242 0.6395938992500305 27
1744881725256 0.6598984599113464 28
1744881725273 0.6497461795806885 29
