1744881724897 0.6927574872970581 0
1744881724910 0.6910876035690308 1
1744881724924 0.6896646022796631 2
1744881724936 0.6883847117424011 3
1744881724948 0.6873875856399536 4
1744881724961 0.6855012774467468 5
1744881724973 0.6833405494689941 6
1744881724990 0.6814011931419373 7
1744881725003 0.6785674095153809 8
1744881725015 0.6729251742362976 9
1744881725027 0.6699767112731934 10
1744881725047 0.6652992963790894 11
1744881725060 0.6608874201774597 12
1744881725073 0.6574990749359131 13
1744881725085 0.6631311774253845 14
1744881725097 0.6587402820587158 15
1744881725110 0.6567201614379883 16
1744881725123 0.653965413570404 17
1744881725136 0.6488097310066223 18
1744881725148 0.6489967107772827 19
1744881725161 0.6456668376922607 20
1744881725174 0.6478933095932007 21
1744881725186 0.6544181108474731 22
1744881725199 0.6569511890411377 23
1744881725211 0.6473132371902466 24
1744881725224 0.6437962651252747 25
1744881725236 0.6374726295471191 26
1744881725249 0.6427021622657776 27
1744881725263 0.6377689242362976 28
1744881725279 0.6403200030326843 29
