1744881846609 0.6923173069953918 0
1744881846624 0.6898166537284851 1
1744881846638 0.6874655485153198 2
1744881846652 0.6854271292686462 3
1744881846666 0.682680070400238 4
1744881846680 0.6810263991355896 5
1744881846694 0.6783364415168762 6
1744881846708 0.6766393184661865 7
1744881846722 0.6750044226646423 8
1744881846736 0.6741669178009033 9
1744881846751 0.6728227734565735 10
1744881846764 0.6711886525154114 11
1744881846779 0.6700990200042725 12
1744881846793 0.6685184240341187 13
1744881846806 0.6669170260429382 14
1744881846820 0.6648005843162537 15
1744881846835 0.6647672653198242 16
1744881846848 0.662771999835968 17
1744881846861 0.6605793833732605 18
1744881846874 0.6573188304901123 19
1744881846887 0.6548624038696289 20
1744881846900 0.652963399887085 21
1744881846912 0.6505576372146606 22
1744881846925 0.6489065885543823 23
1744881846937 0.6470587253570557 24
1744881846949 0.6451897025108337 25
1744881846962 0.6428332924842834 26
1744881846974 0.6398209929466248 27
1744881846986 0.6374368667602539 28
1744881847032 0.6346970200538635 29
