1744881846602 0.5228426456451416 0
1744881846616 0.5634517669677734 1
1744881846631 0.5634517669677734 2
1744881846645 0.5634517669677734 3
1744881846659 0.5634517669677734 4
1744881846673 0.5634517669677734 5
1744881846687 0.5634517669677734 6
1744881846701 0.5634517669677734 7
1744881846715 0.5634517669677734 8
1744881846729 0.5685279369354248 9
1744881846744 0.5685279369354248 10
1744881846758 0.5736040472984314 11
1744881846771 0.5837563276290894 12
1744881846786 0.5786802172660828 13
1744881846799 0.5989847779273987 14
1744881846813 0.6091370582580566 15
1744881846827 0.624365508556366 16
1744881846841 0.6395938992500305 17
1744881846854 0.6294416189193726 18
1744881846868 0.6548223495483398 19
1744881846881 0.6345177888870239 20
1744881846893 0.6345177888870239 21
1744881846906 0.6395938992500305 22
1744881846918 0.6395938992500305 23
1744881846931 0.6649746298789978 24
1744881846943 0.6497461795806885 25
1744881846955 0.6446700692176819 26
1744881846968 0.6497461795806885 27
1744881846980 0.6497461795806885 28
1744881846992 0.6548223495483398 29
