1744712950956 0.6926959156990051 0
1744712950970 0.6928697824478149 1
1744712950983 0.6917610764503479 2
1744712950996 0.6916436553001404 3
1744712951009 0.6920620203018188 4
1744712951022 0.6914209127426147 5
1744712951035 0.6915205121040344 6
1744712951048 0.6904599070549011 7
1744712951063 0.6909521818161011 8
1744712951074 0.690599799156189 9
1744712951087 0.6902817487716675 10
1744712951102 0.6905351877212524 11
1744712951117 0.6895734667778015 12
1744712951132 0.6899527311325073 13
1744712951146 0.6899434924125671 14
1744712951164 0.6895056962966919 15
1744712951177 0.6886130571365356 16
1744712951189 0.6891576051712036 17
1744712951202 0.6890026926994324 18
1744712951215 0.6888676285743713 19
1744712951230 0.6887009739875793 20
1744712951243 0.6889620423316956 21
1744712951257 0.6878496408462524 22
1744712951271 0.6882968544960022 23
1744712951284 0.6876119375228882 24
1744712951297 0.6872197389602661 25
1744712951311 0.6868332028388977 26
1744712951324 0.687019944190979 27
1744712951337 0.6866671442985535 28
