1744712950948 0.5380710363388062 0
1744712950962 0.4974619150161743 1
1744712950976 0.5583756566047668 2
1744712950989 0.5939086079597473 3
1744712951003 0.5634517669677734 4
1744712951015 0.5431472063064575 5
1744712951028 0.5736040472984314 6
1744712951042 0.5837563276290894 7
1744712951055 0.5939086079597473 8
1744712951068 0.5888324975967407 9
1744712951080 0.5888324975967407 10
1744712951094 0.5939086079597473 11
1744712951109 0.5685279369354248 12
1744712951124 0.5888324975967407 13
1744712951139 0.5583756566047668 14
1744712951154 0.5736040472984314 15
1744712951170 0.5888324975967407 16
1744712951183 0.5939086079597473 17
1744712951195 0.5685279369354248 18
1744712951209 0.5736040472984314 19
1744712951222 0.5736040472984314 20
1744712951237 0.5634517669677734 21
1744712951250 0.5786802172660828 22
1744712951264 0.5786802172660828 23
1744712951277 0.5786802172660828 24
1744712951290 0.5837563276290894 25
1744712951304 0.5583756566047668 26
1744712951318 0.5685279369354248 27
1744712951331 0.5685279369354248 28
