1744886135482 0.6932138204574585 0
1744886135495 0.6927356123924255 1
1744886135507 0.6923799514770508 2
1744886135515 0.6915363669395447 3
1744886135523 0.6916428208351135 4
1744886135531 0.6909189820289612 5
1744886135539 0.6901975274085999 6
1744886135547 0.6896464824676514 7
1744886135555 0.6904400587081909 8
1744886135562 0.6895689964294434 9
1744886135571 0.6894134879112244 10
1744886135579 0.6892842054367065 11
1744886135587 0.6887743473052979 12
1744886135595 0.6879457831382751 13
1744886135603 0.6882137656211853 14
1744886135611 0.6875103712081909 15
1744886135620 0.687232255935669 16
1744886135628 0.6871402263641357 17
1744886135639 0.686138927936554 18
1744886135648 0.6859201192855835 19
1744886135656 0.6856012940406799 20
1744886135664 0.6854978203773499 21
1744886135673 0.6854652166366577 22
1744886135681 0.6856347918510437 23
1744886135689 0.68463134765625 24
1744886135697 0.6844655275344849 25
1744886135705 0.6836666464805603 26
1744886135714 0.6838903427124023 27
1744886135722 0.683354377746582 28
1744886135730 0.6824783086776733 29
