1744279582763 0.7945061326026917 0
1744279582776 0.7562336921691895 1
1744279582789 0.7299637794494629 2
1744279582807 0.7188993692398071 3
1744279582819 0.7044484615325928 4
1744279582830 0.6977145671844482 5
1744279582843 0.6933540105819702 6
1744279582855 0.687878429889679 7
1744279582866 0.6852393746376038 8
1744279582877 0.683244526386261 9
1744279582887 0.6805940866470337 10
1744279582897 0.6788408756256104 11
1744279582908 0.6780228614807129 12
1744279582918 0.6767618656158447 13
1744279582928 0.6753039360046387 14
1744279582940 0.6737831234931946 15
1744279582952 0.6726282835006714 16
1744279582963 0.6715725660324097 17
1744279582974 0.6708175539970398 18
1744279582984 0.6707051396369934 19
1744279582994 0.6689502000808716 20
