1744279460380 0.7043627500534058 0
1744279460397 0.7020736932754517 1
1744279460409 0.7000877857208252 2
1744279460422 0.6982752680778503 3
1744279460432 0.6965983510017395 4
1744279460444 0.6952509880065918 5
1744279460466 0.6941037774085999 6
1744279460481 0.6928611993789673 7
1744279460492 0.6918479204177856 8
1744279460504 0.6904357671737671 9
1744279460514 0.6892587542533875 10
1744279460526 0.6882287859916687 11
1744279460539 0.6871747970581055 12
1744279460551 0.6859831809997559 13
1744279460562 0.6849418878555298 14
1744279460573 0.683784544467926 15
1744279460586 0.6829324960708618 16
1744279460598 0.6821494698524475 17
1744279460610 0.6812444925308228 18
1744279460623 0.6806337237358093 19
1744279460635 0.6801750659942627 20
1744279460646 0.6795451045036316 21
1744279460658 0.6788524985313416 22
1744279460670 0.6783131957054138 23
1744279460680 0.6781675219535828 24
1744279460693 0.6774250864982605 25
