1744279460374 0.5051020383834839 0
1744279460391 0.5051020383834839 1
1744279460403 0.5102040767669678 2
1744279460414 0.5 3
1744279460427 0.5153061151504517 4
1744279460439 0.5357142686843872 5
1744279460450 0.545918345451355 6
1744279460474 0.5408163070678711 7
1744279460488 0.5408163070678711 8
1744279460497 0.545918345451355 9
1744279460509 0.5357142686843872 10
1744279460521 0.5510203838348389 11
1744279460532 0.545918345451355 12
1744279460544 0.545918345451355 13
1744279460557 0.5408163070678711 14
1744279460568 0.5510203838348389 15
1744279460580 0.5510203838348389 16
1744279460592 0.5561224222183228 17
1744279460604 0.5510203838348389 18
1744279460617 0.5510203838348389 19
1744279460628 0.5561224222183228 20
1744279460640 0.5561224222183228 21
1744279460652 0.5561224222183228 22
1744279460663 0.5561224222183228 23
1744279460675 0.5561224222183228 24
1744279460688 0.5561224222183228 25
