1744886611911 0.4642857015132904 0
1744886611946 0.5765306353569031 1
1744886611978 0.6224489808082581 2
1744886612007 0.5510203838348389 3
1744886612033 0.5612244606018066 4
1744886612048 0.6122449040412903 5
1744886612059 0.5867347121238708 6
1744886612069 0.581632673740387 7
1744886612081 0.5714285969734192 8
1744886612092 0.5765306353569031 9
1744886612100 0.5918367505073547 10
1744886612109 0.5969387888908386 11
1744886612118 0.5867347121238708 12
1744886612128 0.5714285969734192 13
1744886612137 0.6071428656578064 14
1744886612152 0.6020408272743225 15
1744886612176 0.581632673740387 16
1744886612200 0.5969387888908386 17
1744886612233 0.5765306353569031 18
1744886612253 0.6173469424247742 19
1744886612270 0.5867347121238708 20
1744886612285 0.5867347121238708 21
