1744711252357 0.6896731853485107 0
1744711252369 0.6663143038749695 1
1744711252381 0.6725426316261292 2
1744711252394 0.6668491363525391 3
1744711252410 0.6617706418037415 4
1744711252422 0.6671719551086426 5
1744711252435 0.6594326496124268 6
1744711252448 0.6573781371116638 7
1744711252459 0.6532029509544373 8
1744711252472 0.6499351859092712 9
1744711252485 0.6619336009025574 10
1744711252499 0.665908694267273 11
1744711252510 0.6606307625770569 12
1744711252525 0.6528326869010925 13
1744711252537 0.6569106578826904 14
1744711252550 0.6462140083312988 15
1744711252562 0.6594418883323669 16
1744711252575 0.650219738483429 17
1744711252588 0.6564798951148987 18
1744711252599 0.6487071514129639 19
1744711252612 0.6507479548454285 20
1744711252624 0.645247757434845 21
1744711252636 0.6586787104606628 22
1744711252648 0.6520494818687439 23
1744711252661 0.6543130874633789 24
1744711252674 0.6495501399040222 25
1744711252686 0.6528990268707275 26
1744711252698 0.648202121257782 27
1744711252709 0.6558253169059753 28
