1744711252347 0.5833333134651184 0
1744711252363 0.6145833134651184 1
1744711252374 0.6145833134651184 2
1744711252388 0.6145833134651184 3
1744711252400 0.6145833134651184 4
1744711252416 0.6145833134651184 5
1744711252429 0.6145833134651184 6
1744711252442 0.6197916865348816 7
1744711252454 0.609375 8
1744711252466 0.625 9
1744711252479 0.59375 10
1744711252492 0.6041666865348816 11
1744711252505 0.609375 12
1744711252518 0.609375 13
1744711252531 0.609375 14
1744711252544 0.6197916865348816 15
1744711252556 0.6197916865348816 16
1744711252569 0.6302083134651184 17
1744711252582 0.609375 18
1744711252593 0.625 19
1744711252605 0.625 20
1744711252618 0.625 21
1744711252630 0.6197916865348816 22
1744711252642 0.6197916865348816 23
1744711252655 0.6197916865348816 24
1744711252667 0.625 25
1744711252680 0.6302083134651184 26
1744711252692 0.6354166865348816 27
1744711252703 0.625 28
