1744881769545 0.6925439238548279 0
1744881769560 0.6911929249763489 1
1744881769573 0.689990222454071 2
1744881769586 0.6890973448753357 3
1744881769599 0.6878723502159119 4
1744881769613 0.6871080994606018 5
1744881769628 0.6856386661529541 6
1744881769642 0.684317409992218 7
1744881769655 0.6832942962646484 8
1744881769669 0.6821789145469666 9
1744881769682 0.6807739734649658 10
1744881769695 0.6787744760513306 11
1744881769708 0.6773027181625366 12
1744881769723 0.6758146286010742 13
1744881769736 0.6740148663520813 14
1744881769749 0.6726474761962891 15
1744881769761 0.6708701848983765 16
1744881769774 0.6688711643218994 17
1744881769788 0.6679672002792358 18
