1744882118285 0.6931087970733643 0
1744882118299 0.6896982192993164 1
1744882118313 0.6890069842338562 2
1744882118326 0.6846789121627808 3
1744882118341 0.6831651329994202 4
1744882118355 0.6806076169013977 5
1744882118369 0.6808112263679504 6
1744882118383 0.6753771901130676 7
1744882118397 0.67561936378479 8
1744882118412 0.6783589124679565 9
1744882118426 0.6726331114768982 10
1744882118440 0.6726678609848022 11
1744882118456 0.668998658657074 12
1744882118471 0.6660613417625427 13
1744882118486 0.6589548587799072 14
1744882118500 0.6593871712684631 15
1744882118514 0.6658653020858765 16
1744882118528 0.6566369533538818 17
1744882118542 0.6615855693817139 18
