1744882118277 0.5482233762741089 0
1744882118292 0.5634517669677734 1
1744882118305 0.5634517669677734 2
1744882118319 0.5634517669677734 3
1744882118334 0.5634517669677734 4
1744882118348 0.5685279369354248 5
1744882118362 0.5634517669677734 6
1744882118377 0.5736040472984314 7
1744882118390 0.5736040472984314 8
1744882118405 0.5634517669677734 9
1744882118419 0.5736040472984314 10
1744882118433 0.5685279369354248 11
1744882118448 0.5837563276290894 12
1744882118463 0.6192893385887146 13
1744882118478 0.6091370582580566 14
1744882118493 0.5939086079597473 15
1744882118507 0.6192893385887146 16
1744882118521 0.6294416189193726 17
1744882118535 0.5786802172660828 18
