1744882126376 0.6929485201835632 0
1744882126395 0.6914313435554504 1
1744882126411 0.690046489238739 2
1744882126425 0.6891523003578186 3
1744882126440 0.687603235244751 4
1744882126455 0.6878374218940735 5
1744882126470 0.686238706111908 6
1744882126485 0.6854770183563232 7
1744882126502 0.6838177442550659 8
1744882126520 0.6826388239860535 9
1744882126535 0.6845126152038574 10
1744882126549 0.6790986061096191 11
1744882126563 0.6801536083221436 12
1744882126578 0.6776508092880249 13
1744882126593 0.6805121898651123 14
1744882126607 0.6771390438079834 15
1744882126622 0.6747157573699951 16
1744882126636 0.6704584360122681 17
1744882126651 0.6739155054092407 18
