1744882126366 0.5431472063064575 0
1744882126385 0.5685279369354248 1
1744882126403 0.5634517669677734 2
1744882126418 0.5634517669677734 3
1744882126432 0.5634517669677734 4
1744882126447 0.5685279369354248 5
1744882126463 0.5634517669677734 6
1744882126477 0.5634517669677734 7
1744882126495 0.5685279369354248 8
1744882126511 0.5634517669677734 9
1744882126528 0.5685279369354248 10
1744882126542 0.5736040472984314 11
1744882126556 0.5786802172660828 12
1744882126570 0.5736040472984314 13
1744882126585 0.5837563276290894 14
1744882126600 0.5989847779273987 15
1744882126615 0.5736040472984314 16
1744882126629 0.5786802172660828 17
1744882126644 0.5939086079597473 18
