1744886092169 0.5969387888908386 0
1744886092179 0.6020408272743225 1
1744886092188 0.5969387888908386 2
1744886092197 0.6020408272743225 3
1744886092206 0.6071428656578064 4
1744886092214 0.6173469424247742 5
1744886092222 0.6173469424247742 6
1744886092230 0.6224489808082581 7
1744886092239 0.6173469424247742 8
1744886092248 0.5918367505073547 9
1744886092256 0.5867347121238708 10
1744886092264 0.581632673740387 11
1744886092273 0.5918367505073547 12
1744886092281 0.581632673740387 13
1744886092290 0.5867347121238708 14
1744886092297 0.5918367505073547 15
1744886092306 0.5969387888908386 16
1744886092314 0.5969387888908386 17
1744886092323 0.6020408272743225 18
