1744881856329 0.5431472063064575 0
1744881856345 0.5736040472984314 1
1744881856361 0.5736040472984314 2
1744881856376 0.5736040472984314 3
1744881856391 0.5736040472984314 4
1744881856406 0.5736040472984314 5
1744881856420 0.5685279369354248 6
1744881856434 0.5685279369354248 7
1744881856447 0.5685279369354248 8
1744881856459 0.5634517669677734 9
1744881856474 0.5736040472984314 10
1744881856489 0.5786802172660828 11
1744881856601 0.5888324975967407 12
1744881856616 0.5888324975967407 13
1744881856636 0.6091370582580566 14
1744881856650 0.5939086079597473 15
1744881856665 0.5939086079597473 16
1744881856679 0.6142131686210632 17
1744881856693 0.6091370582580566 18
1744881856707 0.6040608882904053 19
1744881856722 0.6091370582580566 20
1744881856735 0.6142131686210632 21
1744881856749 0.6142131686210632 22
1744881856764 0.6142131686210632 23
1744881856778 0.6192893385887146 24
1744881856792 0.6142131686210632 25
1744881856806 0.624365508556366 26
1744881856886 0.624365508556366 27
1744881856900 0.6294416189193726 28
