1744881856337 0.693044126033783 0
1744881856353 0.6921431422233582 1
1744881856368 0.6914474368095398 2
1744881856384 0.6907300353050232 3
1744881856398 0.6899383664131165 4
1744881856413 0.689324676990509 5
1744881856427 0.688657283782959 6
1744881856441 0.688061535358429 7
1744881856453 0.6871514320373535 8
1744881856467 0.6862539649009705 9
1744881856482 0.6850314140319824 10
1744881856496 0.6838365793228149 11
1744881856609 0.682457685470581 12
1744881856623 0.6811380982398987 13
1744881856643 0.6796368360519409 14
1744881856657 0.6786038279533386 15
1744881856672 0.6771271824836731 16
1744881856686 0.6757112145423889 17
1744881856700 0.6743907928466797 18
1744881856714 0.673585057258606 19
1744881856729 0.6719810962677002 20
1744881856742 0.6705767512321472 21
1744881856756 0.6684033274650574 22
1744881856771 0.6666802763938904 23
1744881856785 0.6651120185852051 24
1744881856799 0.6633590459823608 25
1744881856844 0.6624425649642944 26
1744881856893 0.6608710289001465 27
1744881856907 0.6596627235412598 28
