1744712021658 0.6936661601066589 0
1744712021668 0.6923350095748901 1
1744712021678 0.6913126111030579 2
1744712021687 0.6906828284263611 3
1744712021696 0.6893990635871887 4
1744712021706 0.6886540055274963 5
1744712021723 0.6892715692520142 6
1744712021733 0.6884031891822815 7
1744712021744 0.688895583152771 8
1744712021759 0.6868318915367126 9
1744712021769 0.6865363121032715 10
1744712021780 0.6857470870018005 11
1744712021789 0.6849718689918518 12
1744712021798 0.6837108731269836 13
1744712021811 0.6825980544090271 14
1744712021820 0.6827563047409058 15
1744712021831 0.6839085817337036 16
1744712021842 0.6808249354362488 17
1744712021852 0.6820206046104431 18
1744712021862 0.679475724697113 19
1744712021871 0.6805363297462463 20
