1744712021653 0.4974619150161743 0
1744712021663 0.5837563276290894 1
1744712021673 0.5888324975967407 2
1744712021682 0.5786802172660828 3
1744712021691 0.6040608882904053 4
1744712021701 0.5888324975967407 5
1744712021711 0.5583756566047668 6
1744712021729 0.5888324975967407 7
1744712021738 0.5786802172660828 8
1744712021754 0.5786802172660828 9
1744712021764 0.5685279369354248 10
1744712021775 0.5685279369354248 11
1744712021784 0.5685279369354248 12
1744712021794 0.5786802172660828 13
1744712021803 0.5736040472984314 14
1744712021815 0.5736040472984314 15
1744712021826 0.5634517669677734 16
1744712021836 0.5685279369354248 17
1744712021847 0.5786802172660828 18
1744712021857 0.5837563276290894 19
1744712021866 0.5532994866371155 20
