1744882394046 0.49238577485084534 0
1744882394062 0.5279187560081482 1
1744882394077 0.5583756566047668 2
1744882394090 0.5685279369354248 3
1744882394105 0.5685279369354248 4
1744882394119 0.5634517669677734 5
1744882394132 0.5583756566047668 6
1744882394145 0.5634517669677734 7
1744882394159 0.5634517669677734 8
1744882394173 0.5685279369354248 9
1744882394188 0.5685279369354248 10
1744882394204 0.5685279369354248 11
1744882394220 0.5685279369354248 12
1744882394237 0.5634517669677734 13
1744882394254 0.5685279369354248 14
1744882394272 0.5634517669677734 15
1744882394288 0.5685279369354248 16
1744882394303 0.5685279369354248 17
1744882394317 0.5634517669677734 18
