1744882394053 0.6934446692466736 0
1744882394070 0.6922090649604797 1
1744882394084 0.6915888786315918 2
1744882394098 0.6905008554458618 3
1744882394112 0.6903067827224731 4
1744882394125 0.6892757415771484 5
1744882394138 0.6886407136917114 6
1744882394152 0.687557578086853 7
1744882394166 0.6866607666015625 8
1744882394181 0.6867662072181702 9
1744882394197 0.6856577396392822 10
1744882394212 0.6860342025756836 11
1744882394229 0.6856968998908997 12
1744882394246 0.6857138872146606 13
1744882394263 0.6841154098510742 14
1744882394280 0.6835862994194031 15
1744882394296 0.6822190880775452 16
1744882394310 0.6795312762260437 17
1744882394324 0.6811428666114807 18
