1744397519754 0.5228426456451416 0
1744397519764 0.5888324975967407 1
1744397519775 0.5786802172660828 2
1744397519788 0.5583756566047668 3
1744397519802 0.5736040472984314 4
1744397519814 0.5634517669677734 5
1744397519824 0.5685279369354248 6
1744397519836 0.5786802172660828 7
1744397519847 0.5786802172660828 8
1744397519858 0.5736040472984314 9
1744397519868 0.5634517669677734 10
1744397519880 0.5685279369354248 11
1744397519893 0.5736040472984314 12
1744397519905 0.5634517669677734 13
1744397519916 0.5634517669677734 14
1744397519928 0.5685279369354248 15
