1744397519759 0.6935280561447144 0
1744397519770 0.6910248398780823 1
1744397519782 0.6902062892913818 2
1744397519796 0.6901637315750122 3
1744397519808 0.6887413263320923 4
1744397519819 0.6878116726875305 5
1744397519830 0.6870280504226685 6
1744397519841 0.6856241822242737 7
1744397519852 0.6853644847869873 8
1744397519863 0.6843869090080261 9
1744397519874 0.683454692363739 10
1744397519887 0.682232677936554 11
1744397519899 0.6803811192512512 12
1744397519911 0.6811448931694031 13
1744397519922 0.6782273054122925 14
1744397519934 0.6768671274185181 15
