1744397069488 0.5279187560081482 0
1744397069497 0.6091370582580566 1
1744397069505 0.6040608882904053 2
1744397069514 0.5989847779273987 3
1744397069526 0.5939086079597473 4
1744397069537 0.5888324975967407 5
1744397069551 0.5837563276290894 6
1744397069560 0.5736040472984314 7
1744397069571 0.5888324975967407 8
1744397069579 0.6040608882904053 9
1744397069588 0.5989847779273987 10
1744397069597 0.5888324975967407 11
1744397069605 0.6091370582580566 12
1744397069614 0.5989847779273987 13
1744397069622 0.6040608882904053 14
1744397069631 0.5939086079597473 15
