1744881945626 0.5279187560081482 0
1744881945645 0.5736040472984314 1
1744881945660 0.5989847779273987 2
1744881945675 0.5989847779273987 3
1744881945689 0.5888324975967407 4
1744881945714 0.6091370582580566 5
1744881945748 0.6040608882904053 6
1744881945789 0.6142131686210632 7
1744881945808 0.6040608882904053 8
1744881945835 0.6040608882904053 9
1744881945850 0.6091370582580566 10
1744881945864 0.6091370582580566 11
1744881945878 0.5989847779273987 12
1744881945892 0.5939086079597473 13
1744881945909 0.5939086079597473 14
1744881945926 0.5989847779273987 15
1744881945940 0.6040608882904053 16
1744881945954 0.5989847779273987 17
1744881945968 0.6040608882904053 18
1744881945983 0.5989847779273987 19
1744881945997 0.6091370582580566 20
1744881946010 0.5989847779273987 21
1744881946023 0.5939086079597473 22
1744881946038 0.5989847779273987 23
1744881946051 0.5989847779273987 24
1744881946064 0.6040608882904053 25
1744881946077 0.6040608882904053 26
