1744881945637 0.6929629445075989 0
1744881945653 0.6925886273384094 1
1744881945667 0.6923064589500427 2
1744881945682 0.6920135021209717 3
1744881945698 0.6918508410453796 4
1744881945734 0.6916599869728088 5
1744881945768 0.6914562582969666 6
1744881945798 0.6912434101104736 7
1744881945821 0.6910262703895569 8
1744881945843 0.6907503008842468 9
1744881945857 0.6904677152633667 10
1744881945872 0.690136730670929 11
1744881945885 0.6898784637451172 12
1744881945900 0.689524233341217 13
1744881945918 0.689249575138092 14
1744881945933 0.6889611482620239 15
1744881945948 0.6886037588119507 16
1744881945961 0.6883149147033691 17
1744881945975 0.6880074739456177 18
1744881945990 0.687653124332428 19
1744881946003 0.6873869299888611 20
1744881946017 0.6869662404060364 21
1744881946031 0.6866748929023743 22
1744881946045 0.6862297058105469 23
1744881946057 0.6859123706817627 24
1744881946070 0.6856004595756531 25
1744881946083 0.6851174831390381 26
