1744396932927 0.6938982605934143 0
1744396932935 0.6933669447898865 1
1744396932944 0.6929848790168762 2
1744396932953 0.6929922103881836 3
1744396932961 0.6923183798789978 4
1744396932969 0.6922693252563477 5
1744396932985 0.6922965049743652 6
1744396932997 0.6919159293174744 7
1744396933005 0.69118332862854 8
1744396933014 0.6911812424659729 9
1744396933023 0.6907101273536682 10
1744396933031 0.6905954480171204 11
1744396933039 0.6903355717658997 12
1744396933048 0.6897436380386353 13
1744396933057 0.6895431280136108 14
1744396933065 0.6894128322601318 15
1744396933074 0.6890734434127808 16
1744396933082 0.6894249320030212 17
1744396933090 0.6883764863014221 18
1744396933099 0.6880958080291748 19
1744396933107 0.6873763203620911 20
1744396933115 0.687356173992157 21
1744396933124 0.6874395608901978 22
1744396933133 0.6866230368614197 23
1744396933144 0.6861209869384766 24
1744396933159 0.6862037777900696 25
