1744396932922 0.4771573543548584 0
1744396932931 0.5228426456451416 1
1744396932939 0.5431472063064575 2
1744396932948 0.5583756566047668 3
1744396932957 0.5685279369354248 4
1744396932965 0.5583756566047668 5
1744396932980 0.5634517669677734 6
1744396932990 0.5786802172660828 7
1744396933001 0.5736040472984314 8
1744396933009 0.5583756566047668 9
1744396933018 0.5736040472984314 10
1744396933027 0.5736040472984314 11
1744396933035 0.5786802172660828 12
1744396933043 0.5685279369354248 13
1744396933052 0.5786802172660828 14
1744396933061 0.5736040472984314 15
1744396933070 0.5837563276290894 16
1744396933078 0.5736040472984314 17
1744396933086 0.5736040472984314 18
1744396933095 0.5685279369354248 19
1744396933103 0.5888324975967407 20
1744396933112 0.5685279369354248 21
1744396933120 0.5685279369354248 22
1744396933128 0.5736040472984314 23
1744396933137 0.5786802172660828 24
1744396933154 0.5786802172660828 25
