1744886342580 0.6915813088417053 0
1744886342597 0.6912981271743774 1
1744886342609 0.6910396218299866 2
1744886342620 0.690807580947876 3
1744886342632 0.6905805468559265 4
1744886342643 0.690324604511261 5
1744886342654 0.6900258660316467 6
1744886342669 0.6897737979888916 7
1744886342681 0.6895309686660767 8
1744886342691 0.6892873644828796 9
1744886342704 0.689058244228363 10
1744886342715 0.688758909702301 11
1744886342725 0.6885135173797607 12
1744886342734 0.6883010268211365 13
1744886342744 0.688078761100769 14
1744886342754 0.6879053711891174 15
1744886342768 0.6876853108406067 16
1744886342778 0.6874755620956421 17
1744886342787 0.6872678399085999 18
1744886342795 0.6870675086975098 19
1744886342803 0.6868639588356018 20
1744886342812 0.6866394877433777 21
1744886342820 0.6864028573036194 22
1744886342829 0.6862022280693054 23
1744886342838 0.6859066486358643 24
1744886342847 0.6856979131698608 25
1744886342855 0.6854424476623535 26
1744886342863 0.6851860880851746 27
1744886342871 0.6849170327186584 28
1744886342879 0.6846808791160583 29
