1744886767972 0.6929595470428467 0
1744886767984 0.6926653385162354 1
1744886767998 0.6922131776809692 2
1744886768009 0.6921819448471069 3
1744886768020 0.6907421946525574 4
1744886768030 0.6905025839805603 5
1744886768040 0.6906288862228394 6
1744886768048 0.6892656087875366 7
1744886768059 0.6896225810050964 8
1744886768068 0.688416600227356 9
1744886768078 0.6879678964614868 10
1744886768088 0.6869982481002808 11
1744886768097 0.68696129322052 12
1744886768107 0.6857547163963318 13
1744886768116 0.6847145557403564 14
1744886768125 0.6846351623535156 15
1744886768134 0.6831414103507996 16
1744886768143 0.6821494698524475 17
1744886768152 0.6819434762001038 18
1744886768161 0.6798886656761169 19
1744886768170 0.6797378659248352 20
1744886768180 0.6778117418289185 21
1744886768189 0.6792416572570801 22
