1744397433711 0.6944687962532043 0
1744397433722 0.6943668127059937 1
1744397433733 0.6942796111106873 2
1744397433746 0.6941853761672974 3
1744397433756 0.6941086649894714 4
1744397433767 0.6940239667892456 5
1744397433778 0.693919837474823 6
1744397433789 0.6938146352767944 7
1744397433801 0.6937313675880432 8
1744397433813 0.6936179995536804 9
1744397433825 0.6935246586799622 10
1744397433834 0.6934388279914856 11
1744397433845 0.6933557391166687 12
1744397433856 0.693272054195404 13
1744397433868 0.6931887269020081 14
1744397433884 0.6931057572364807 15
1744397433898 0.6930479407310486 16
1744397433910 0.692971408367157 17
1744397433924 0.692888081073761 18
1744397433942 0.6928154826164246 19
1744397433954 0.6927375793457031 20
1744397433966 0.6926595568656921 21
1744397433982 0.6925553679466248 22
1744397433994 0.6924698948860168 23
1744397434005 0.6923530697822571 24
1744397434015 0.6922503709793091 25
1744397434028 0.6921377182006836 26
1744397434040 0.6920135021209717 27
1744397434054 0.6919296383857727 28
1744397434070 0.6918314695358276 29
