1744401099933 0.4947916567325592 0
1744401099944 0.5416666865348816 1
1744401099954 0.5677083134651184 2
1744401099964 0.5520833134651184 3
1744401099974 0.5572916865348816 4
1744401099986 0.5885416865348816 5
1744401100000 0.6145833134651184 6
1744401100011 0.6614583134651184 7
1744401100021 0.625 8
1744401100032 0.59375 9
1744401100042 0.6197916865348816 10
1744401100052 0.6197916865348816 11
1744401100062 0.65625 12
1744401100073 0.625 13
1744401100083 0.640625 14
1744401100094 0.5885416865348816 15
1744401100104 0.640625 16
1744401100115 0.6614583134651184 17
1744401100125 0.65625 18
1744401100136 0.6614583134651184 19
1744401100146 0.6614583134651184 20
1744401100157 0.6458333134651184 21
1744401100168 0.640625 22
1744401100178 0.6614583134651184 23
