1744401099938 0.6941308975219727 0
1744401099949 0.6951366066932678 1
1744401099959 0.6912679076194763 2
1744401099969 0.683135986328125 3
1744401099980 0.6700811982154846 4
1744401099995 0.6707960963249207 5
1744401100005 0.6647374033927917 6
1744401100016 0.6618897914886475 7
1744401100027 0.6485381126403809 8
1744401100037 0.659093976020813 9
1744401100047 0.6525084972381592 10
1744401100057 0.6515092253684998 11
1744401100068 0.6439256072044373 12
1744401100078 0.6513094305992126 13
1744401100088 0.645054280757904 14
1744401100099 0.6475959420204163 15
1744401100109 0.638767659664154 16
1744401100120 0.6344481110572815 17
1744401100130 0.6396495699882507 18
1744401100141 0.6358452439308167 19
1744401100152 0.6355771422386169 20
1744401100163 0.6316296458244324 21
1744401100173 0.6395666003227234 22
1744401100183 0.6262089610099792 23
