1744881753446 0.5786802172660828 0
1744881753475 0.5634517669677734 1
1744881753489 0.5634517669677734 2
1744881753502 0.5634517669677734 3
1744881753515 0.5634517669677734 4
1744881753528 0.5634517669677734 5
1744881753541 0.5634517669677734 6
1744881753554 0.5634517669677734 7
1744881753567 0.5685279369354248 8
1744881753579 0.5634517669677734 9
1744881753592 0.5634517669677734 10
1744881753657 0.5736040472984314 11
1744881753707 0.5736040472984314 12
1744881753729 0.5634517669677734 13
1744881753744 0.5837563276290894 14
1744881753758 0.5888324975967407 15
1744881753776 0.5939086079597473 16
1744881753796 0.5989847779273987 17
1744881753817 0.5736040472984314 18
