1744881753459 0.6924730539321899 0
1744881753482 0.6908124685287476 1
1744881753496 0.6883226633071899 2
1744881753509 0.6878519654273987 3
1744881753522 0.6868241429328918 4
1744881753535 0.6850573420524597 5
1744881753547 0.6836796402931213 6
1744881753560 0.6827240586280823 7
1744881753573 0.6806750893592834 8
1744881753585 0.6780600547790527 9
1744881753614 0.6778052449226379 10
1744881753669 0.6744927763938904 11
1744881753719 0.6763367056846619 12
1744881753736 0.6739393472671509 13
1744881753751 0.6738684177398682 14
1744881753766 0.6712614893913269 15
1744881753784 0.6729909181594849 16
1744881753808 0.6666282415390015 17
1744881753827 0.6741679310798645 18
