1744367610379 0.6938533782958984 0
1744367610389 0.6934245228767395 1
1744367610398 0.6917424201965332 2
1744367610405 0.6932030916213989 3
1744367610414 0.6927924752235413 4
1744367610422 0.6926911473274231 5
1744367610430 0.6925660967826843 6
1744367610438 0.6927210688591003 7
1744367610446 0.6916698813438416 8
1744367610454 0.6922330260276794 9
1744367610462 0.6919628977775574 10
1744367610470 0.691497802734375 11
1744367610477 0.6922090649604797 12
1744367610485 0.6917954087257385 13
1744367610492 0.6921284198760986 14
1744367610500 0.691660463809967 15
1744367610508 0.6919985413551331 16
1744367610516 0.6909489631652832 17
1744367610523 0.6893401145935059 18
1744367610532 0.6913101077079773 19
1744367610539 0.6902342438697815 20
1744367610547 0.6902876496315002 21
1744367610555 0.6909782290458679 22
1744367610563 0.6906965374946594 23
1744367610570 0.6900671124458313 24
1744367610578 0.6898497939109802 25
1744367610586 0.6901558637619019 26
1744367610594 0.6885072588920593 27
1744367610602 0.6897969245910645 28
1744367610609 0.6892824769020081 29
