1744367610374 0.4822334945201874 0
1744367610385 0.5228426456451416 1
1744367610393 0.5177664756774902 2
1744367610401 0.4974619150161743 3
1744367610409 0.5076141953468323 4
1744367610418 0.5076141953468323 5
1744367610426 0.5431472063064575 6
1744367610434 0.5279187560081482 7
1744367610442 0.5482233762741089 8
1744367610450 0.5228426456451416 9
1744367610458 0.5786802172660828 10
1744367610466 0.5837563276290894 11
1744367610473 0.5329949259757996 12
1744367610481 0.5431472063064575 13
1744367610489 0.5329949259757996 14
1744367610496 0.5634517669677734 15
1744367610504 0.5431472063064575 16
1744367610512 0.5482233762741089 17
1744367610520 0.5736040472984314 18
1744367610527 0.5380710363388062 19
1744367610536 0.5482233762741089 20
1744367610543 0.5634517669677734 21
1744367610551 0.5583756566047668 22
1744367610559 0.5786802172660828 23
1744367610566 0.5532994866371155 24
1744367610574 0.5786802172660828 25
1744367610582 0.5685279369354248 26
1744367610590 0.6040608882904053 27
1744367610598 0.5634517669677734 28
1744367610606 0.5989847779273987 29
