1743763144233 0.6943320631980896 0
1743763144243 0.7124505043029785 1
1743763144253 0.6998922228813171 2
1743763144263 0.6913354396820068 3
1743763144273 0.679629921913147 4
1743763144282 0.6948234438896179 5
1743763144292 0.6795989871025085 6
1743763144301 0.7034547924995422 7
1743763144311 0.6924191117286682 8
1743763144321 0.6942664384841919 9
1743763144331 0.6838408708572388 10
1743763144341 0.6933838725090027 11
1743763144350 0.668698787689209 12
1743763144360 0.6990259289741516 13
1743763144370 0.6873573660850525 14
1743763144379 0.6797654032707214 15
1743763144389 0.7031277418136597 16
