1743763144228 0.43478259444236755 0
1743763144238 0.43478259444236755 1
1743763144248 0.43478259444236755 2
1743763144258 0.52173912525177 3
1743763144268 0.52173912525177 4
1743763144278 0.3913043439388275 5
1743763144287 0.6086956262588501 6
1743763144296 0.47826087474823 7
1743763144307 0.6521739363670349 8
1743763144316 0.3913043439388275 9
1743763144326 0.6086956262588501 10
1743763144335 0.52173912525177 11
1743763144345 0.6086956262588501 12
1743763144356 0.43478259444236755 13
1743763144365 0.6521739363670349 14
1743763144375 0.5652173757553101 15
1743763144384 0.47826087474823 16
