1744279849894 0.47959184646606445 0
1744279849920 0.5510203838348389 1
1744279849945 0.545918345451355 2
1744279849964 0.5867347121238708 3
1744279849982 0.6122449040412903 4
1744279849998 0.6020408272743225 5
1744279850013 0.6224489808082581 6
1744279850027 0.6071428656578064 7
1744279850043 0.6071428656578064 8
1744279850057 0.6224489808082581 9
1744279850070 0.6173469424247742 10
1744279850083 0.6224489808082581 11
1744279850097 0.6173469424247742 12
1744279850110 0.6122449040412903 13
1744279850127 0.6224489808082581 14
