1744279849903 0.71827232837677 0
1744279849930 0.6898267865180969 1
1744279849954 0.6804087162017822 2
1744279849973 0.6734817028045654 3
1744279849990 0.6681496500968933 4
1744279850005 0.6661370992660522 5
1744279850020 0.6649107933044434 6
1744279850035 0.6640507578849792 7
1744279850050 0.6628605723381042 8
1744279850063 0.660925567150116 9
1744279850076 0.6611045598983765 10
1744279850090 0.6622579097747803 11
1744279850104 0.6590177416801453 12
1744279850119 0.6570647954940796 13
1744279850135 0.6568547487258911 14
