1744402022356 0.5625 0
1744402022367 0.5572916865348816 1
1744402022378 0.5833333134651184 2
1744402022389 0.53125 3
1744402022399 0.5729166865348816 4
1744402022418 0.6145833134651184 5
1744402022434 0.5885416865348816 6
1744402022445 0.5364583134651184 7
1744402022456 0.5416666865348816 8
1744402022467 0.5885416865348816 9
1744402022477 0.5572916865348816 10
1744402022492 0.5729166865348816 11
1744402022503 0.59375 12
1744402022514 0.5989583134651184 13
1744402022525 0.6145833134651184 14
1744402022536 0.5885416865348816 15
1744402022547 0.6041666865348816 16
