1744402022361 0.7125226855278015 0
1744402022372 0.7379446029663086 1
1744402022383 0.6873395442962646 2
1744402022394 0.7094125747680664 3
1744402022405 0.6958684325218201 4
1744402022429 0.6563658714294434 5
1744402022440 0.6990614533424377 6
1744402022451 0.702630341053009 7
1744402022462 0.691048800945282 8
1744402022472 0.6798833012580872 9
1744402022486 0.6724035143852234 10
1744402022498 0.660729706287384 11
1744402022508 0.6820898056030273 12
1744402022520 0.6867452263832092 13
1744402022530 0.6529869437217712 14
1744402022541 0.6607434153556824 15
1744402022553 0.6459910273551941 16
