1744886714490 0.6917129755020142 0
1744886714499 0.6891979575157166 1
1744886714509 0.6871147751808167 2
1744886714517 0.6840370297431946 3
1744886714525 0.6800199747085571 4
1744886714533 0.6780313849449158 5
1744886714542 0.675554096698761 6
1744886714551 0.6721227765083313 7
1744886714560 0.6701220273971558 8
1744886714571 0.6672108769416809 9
1744886714581 0.664038360118866 10
1744886714593 0.6636685729026794 11
1744886714604 0.6608317494392395 12
1744886714614 0.6587823629379272 13
1744886714624 0.6576868891716003 14
1744886714634 0.6571388840675354 15
1744886714644 0.6534616947174072 16
1744886714654 0.6575205326080322 17
1744886714669 0.6528803110122681 18
1744886714682 0.6522012948989868 19
1744886714696 0.6524844765663147 20
1744886714710 0.6535379886627197 21
1744886714727 0.6527125239372253 22
1744886714740 0.6449027061462402 23
1744886714758 0.64701247215271 24
