1744886522119 0.581632673740387 0
1744886522131 0.6020408272743225 1
1744886522140 0.5765306353569031 2
1744886522160 0.581632673740387 3
1744886522170 0.5867347121238708 4
1744886522178 0.5765306353569031 5
1744886522188 0.581632673740387 6
1744886522197 0.581632673740387 7
1744886522212 0.5867347121238708 8
1744886522221 0.5561224222183228 9
1744886522230 0.5765306353569031 10
1744886522240 0.5918367505073547 11
1744886522250 0.5867347121238708 12
1744886522258 0.5969387888908386 13
1744886522267 0.5918367505073547 14
1744886522276 0.5918367505073547 15
1744886522285 0.5867347121238708 16
1744886522294 0.581632673740387 17
1744886522303 0.5969387888908386 18
