1744886522124 0.6919556260108948 0
1744886522135 0.6906437277793884 1
1744886522146 0.6896011233329773 2
1744886522165 0.6888338327407837 3
1744886522174 0.6884051561355591 4
1744886522184 0.6861302256584167 5
1744886522192 0.6850249767303467 6
1744886522207 0.6840227246284485 7
1744886522216 0.6828409433364868 8
1744886522225 0.6824666857719421 9
1744886522235 0.6805654168128967 10
1744886522245 0.6786528825759888 11
1744886522254 0.677890956401825 12
1744886522263 0.6773236989974976 13
1744886522272 0.6747429370880127 14
1744886522281 0.6733879446983337 15
1744886522289 0.6730971336364746 16
1744886522298 0.6731231212615967 17
1744886522307 0.6717929244041443 18
