1744279691477 0.7033320069313049 0
1744279691490 0.7113234996795654 1
1744279691502 0.7066884636878967 2
1744279691514 0.7046781182289124 3
1744279691524 0.7024192214012146 4
1744279691544 0.6874509453773499 5
1744279691555 0.6973787546157837 6
1744279691567 0.6862353682518005 7
1744279691586 0.6893308162689209 8
1744279691598 0.6843536496162415 9
1744279691613 0.6866220831871033 10
1744279691624 0.6917570233345032 11
1744279691636 0.6915931105613708 12
1744279691648 0.6767054796218872 13
1744279691660 0.6769860982894897 14
1744279691671 0.6794634461402893 15
1744279691682 0.6799132823944092 16
1744279691694 0.6782299876213074 17
1744279691706 0.668340265750885 18
1744279691717 0.6850781440734863 19
1744279691728 0.6817487478256226 20
1744279691739 0.6761240363121033 21
1744279691751 0.6904993653297424 22
1744279691762 0.6795202493667603 23
1744279691773 0.6787336468696594 24
1744279691783 0.6857026815414429 25
1744279691794 0.6754405498504639 26
1744279691806 0.6808906197547913 27
1744279691817 0.6855844855308533 28
1744279691829 0.679810643196106 29
