1744279691471 0.48469388484954834 0
1744279691483 0.47448980808258057 1
1744279691496 0.4897959232330322 2
1744279691508 0.4897959232330322 3
1744279691519 0.47448980808258057 4
1744279691530 0.48469388484954834 5
1744279691550 0.5255101919174194 6
1744279691561 0.4897959232330322 7
1744279691573 0.5510203838348389 8
1744279691593 0.5255101919174194 9
1744279691607 0.5306122303009033 10
1744279691619 0.545918345451355 11
1744279691630 0.5 12
1744279691642 0.5408163070678711 13
1744279691654 0.5714285969734192 14
1744279691665 0.5612244606018066 15
1744279691677 0.5663265585899353 16
1744279691688 0.5765306353569031 17
1744279691700 0.6479591727256775 18
1744279691711 0.4948979616165161 19
1744279691722 0.5612244606018066 20
1744279691733 0.5153061151504517 21
1744279691745 0.5408163070678711 22
1744279691757 0.5561224222183228 23
1744279691768 0.545918345451355 24
1744279691778 0.5561224222183228 25
1744279691788 0.5510203838348389 26
1744279691800 0.5204081535339355 27
1744279691812 0.5663265585899353 28
1744279691823 0.581632673740387 29
