1744282178417 0.4693877696990967 0
1744282178429 0.4693877696990967 1
1744282178440 0.4642857015132904 2
1744282178450 0.44387754797935486 3
1744282178462 0.47448980808258057 4
1744282178472 0.47448980808258057 5
1744282178483 0.47448980808258057 6
1744282178493 0.48469388484954834 7
1744282178504 0.5153061151504517 8
1744282178515 0.5306122303009033 9
1744282178526 0.5561224222183228 10
1744282178538 0.5612244606018066 11
1744282178548 0.5714285969734192 12
1744282178559 0.5612244606018066 13
1744282178568 0.5612244606018066 14
1744282178578 0.5612244606018066 15
1744282178587 0.5612244606018066 16
1744282178597 0.5612244606018066 17
1744282178606 0.5663265585899353 18
1744282178616 0.5714285969734192 19
1744282178626 0.5714285969734192 20
1744282178637 0.5765306353569031 21
1744282178646 0.581632673740387 22
1744282178656 0.5867347121238708 23
1744282178666 0.5918367505073547 24
1744282178677 0.5918367505073547 25
1744282178686 0.5765306353569031 26
1744282178697 0.5765306353569031 27
1744282178707 0.5867347121238708 28
1744282178717 0.581632673740387 29
