1744282178423 0.7243099808692932 0
1744282178435 0.7175913453102112 1
1744282178445 0.7124077677726746 2
1744282178456 0.7086836099624634 3
1744282178467 0.7042114734649658 4
1744282178478 0.7013620734214783 5
1744282178488 0.6983485817909241 6
1744282178499 0.6956143379211426 7
1744282178509 0.6934384703636169 8
1744282178521 0.6913159489631653 9
1744282178531 0.689824640750885 10
1744282178543 0.688624382019043 11
1744282178554 0.6874287128448486 12
1744282178564 0.6861389875411987 13
1744282178573 0.6847228407859802 14
1744282178582 0.6835821270942688 15
1744282178592 0.6826789975166321 16
1744282178601 0.6817175149917603 17
1744282178611 0.6809701919555664 18
1744282178622 0.6801818609237671 19
1744282178632 0.6794652342796326 20
1744282178642 0.6786597371101379 21
1744282178651 0.6782236695289612 22
1744282178661 0.6774095296859741 23
1744282178672 0.6766532063484192 24
1744282178681 0.6760727763175964 25
1744282178692 0.6753485798835754 26
1744282178702 0.6749489307403564 27
1744282178712 0.6745322346687317 28
1744282178722 0.6738998293876648 29
