1744279888368 0.7148679494857788 0
1744279888383 0.7113855481147766 1
1744279888398 0.7024126648902893 2
1744279888412 0.7055925130844116 3
1744279888425 0.7025823593139648 4
1744279888439 0.6960738897323608 5
1744279888453 0.7025051712989807 6
1744279888466 0.7113555073738098 7
1744279888484 0.6869710683822632 8
1744279888497 0.6940814256668091 9
1744279888508 0.6954795718193054 10
1744279888521 0.7016136050224304 11
1744279888535 0.7056151628494263 12
1744279888547 0.6987536549568176 13
1744279888559 0.699633002281189 14
1744279888572 0.6909087300300598 15
1744279888584 0.6904062032699585 16
1744279888598 0.6959375739097595 17
1744279888611 0.6930285096168518 18
1744279888624 0.6875953078269958 19
1744279888636 0.6797623634338379 20
1744279888649 0.6976140737533569 21
1744279888662 0.6851440072059631 22
1744279888674 0.6849250793457031 23
1744279888687 0.6809048056602478 24
1744279888700 0.6897525191307068 25
1744279888711 0.679375946521759 26
1744279888723 0.6936956644058228 27
1744279888736 0.6855878233909607 28
