1744279888361 0.4693877696990967 0
1744279888376 0.4285714328289032 1
1744279888391 0.4693877696990967 2
1744279888406 0.5 3
1744279888419 0.545918345451355 4
1744279888432 0.4897959232330322 5
1744279888446 0.4948979616165161 6
1744279888460 0.48469388484954834 7
1744279888475 0.5714285969734192 8
1744279888490 0.5357142686843872 9
1744279888502 0.5255101919174194 10
1744279888514 0.5408163070678711 11
1744279888528 0.4591836631298065 12
1744279888541 0.5408163070678711 13
1744279888553 0.5204081535339355 14
1744279888566 0.5357142686843872 15
1744279888578 0.5408163070678711 16
1744279888591 0.5612244606018066 17
1744279888605 0.5306122303009033 18
1744279888617 0.5765306353569031 19
1744279888630 0.5765306353569031 20
1744279888643 0.5510203838348389 21
1744279888656 0.5510203838348389 22
1744279888668 0.5663265585899353 23
1744279888680 0.5867347121238708 24
1744279888693 0.581632673740387 25
1744279888706 0.5357142686843872 26
1744279888717 0.5306122303009033 27
1744279888730 0.581632673740387 28
