1744279837051 0.4591836631298065 0
1744279837073 0.43877550959587097 1
1744279837093 0.4591836631298065 2
1744279837105 0.5153061151504517 3
1744279837115 0.4285714328289032 4
1744279837126 0.5102040767669678 5
1744279837136 0.5 6
1744279837146 0.4693877696990967 7
1744279837157 0.4591836631298065 8
1744279837166 0.5255101919174194 9
1744279837176 0.5204081535339355 10
1744279837186 0.5561224222183228 11
1744279837195 0.4948979616165161 12
1744279837204 0.5408163070678711 13
1744279837213 0.5408163070678711 14
1744279837222 0.5306122303009033 15
1744279837231 0.5102040767669678 16
1744279837240 0.5153061151504517 17
1744279837249 0.5612244606018066 18
1744279837259 0.5561224222183228 19
1744279837267 0.5510203838348389 20
1744279837280 0.5561224222183228 21
1744279837290 0.5408163070678711 22
1744279837299 0.5102040767669678 23
1744279837309 0.5714285969734192 24
1744279837317 0.5204081535339355 25
1744279837326 0.5306122303009033 26
1744279837335 0.5714285969734192 27
1744279837344 0.5561224222183228 28
1744279837352 0.5765306353569031 29
