1744712603200 0.4517766535282135 0
1744712603215 0.48730963468551636 1
1744712603229 0.48730963468551636 2
1744712603247 0.5076141953468323 3
1744712603261 0.5279187560081482 4
1744712603274 0.5482233762741089 5
1744712603287 0.5532994866371155 6
1744712603301 0.5634517669677734 7
1744712603317 0.5482233762741089 8
1744712603331 0.5634517669677734 9
1744712603346 0.5634517669677734 10
1744712603360 0.5685279369354248 11
1744712603374 0.5685279369354248 12
1744712603388 0.5685279369354248 13
1744712603402 0.5685279369354248 14
1744712603419 0.5685279369354248 15
1744712603433 0.5685279369354248 16
1744712603449 0.5685279369354248 17
1744712603465 0.5685279369354248 18
1744712603481 0.5685279369354248 19
1744712603496 0.5685279369354248 20
1744712603512 0.5685279369354248 21
1744712603527 0.5685279369354248 22
1744712603543 0.5685279369354248 23
1744712603557 0.5634517669677734 24
1744712603570 0.5634517669677734 25
1744712603585 0.5634517669677734 26
1744712603599 0.5583756566047668 27
1744712603612 0.5583756566047668 28
1744712603623 0.5634517669677734 29
