1744401867392 0.4791666567325592 0
1744401867408 0.5416666865348816 1
1744401867422 0.6041666865348816 2
1744401867435 0.5833333134651184 3
1744401867449 0.65625 4
1744401867463 0.6041666865348816 5
1744401867477 0.6458333134651184 6
1744401867491 0.6614583134651184 7
1744401867502 0.625 8
1744401867513 0.6510416865348816 9
1744401867523 0.6666666865348816 10
1744401867534 0.6614583134651184 11
1744401867545 0.6666666865348816 12
1744401867556 0.65625 13
1744401867567 0.6614583134651184 14
1744401867579 0.6302083134651184 15
1744401867589 0.6666666865348816 16
1744401867600 0.6927083134651184 17
1744401867618 0.703125 18
1744401867632 0.6875 19
1744401867646 0.703125 20
