1744882273135 0.5076141953468323 0
1744882273154 0.5583756566047668 1
1744882273172 0.5634517669677734 2
1744882273187 0.5634517669677734 3
1744882273202 0.5634517669677734 4
1744882273217 0.5634517669677734 5
1744882273231 0.5634517669677734 6
1744882273249 0.5634517669677734 7
1744882273267 0.5634517669677734 8
1744882273287 0.5634517669677734 9
1744882273311 0.5634517669677734 10
1744882273330 0.5634517669677734 11
1744882273352 0.5634517669677734 12
1744882273368 0.5634517669677734 13
1744882273383 0.5634517669677734 14
1744882273398 0.5634517669677734 15
1744882273415 0.5634517669677734 16
1744882273430 0.5634517669677734 17
1744882273445 0.5634517669677734 18
