1744882273143 0.692299485206604 0
1744882273165 0.6912642121315002 1
1744882273180 0.6903117895126343 2
1744882273194 0.6895544528961182 3
1744882273209 0.688520610332489 4
1744882273224 0.6877251863479614 5
1744882273238 0.686828076839447 6
1744882273258 0.6861611604690552 7
1744882273277 0.6854687929153442 8
1744882273297 0.6844416856765747 9
1744882273320 0.6838485598564148 10
1744882273339 0.6829084753990173 11
1744882273360 0.6820821762084961 12
1744882273375 0.6812658309936523 13
1744882273391 0.6805201768875122 14
1744882273406 0.6794690489768982 15
1744882273423 0.6788903474807739 16
1744882273438 0.6782095432281494 17
1744882273453 0.6771519780158997 18
