1744368201156 0.5126903653144836 0
1744368201166 0.5786802172660828 1
1744368201176 0.5583756566047668 2
1744368201186 0.5482233762741089 3
1744368201194 0.5837563276290894 4
1744368201203 0.6040608882904053 5
1744368201211 0.5837563276290894 6
1744368201219 0.5685279369354248 7
1744368201228 0.5634517669677734 8
1744368201236 0.5888324975967407 9
1744368201244 0.5786802172660828 10
1744368201253 0.5888324975967407 11
1744368201261 0.5888324975967407 12
1744368201275 0.5634517669677734 13
1744368201283 0.5583756566047668 14
