1744712611375 0.5786802172660828 0
1744712611391 0.5786802172660828 1
1744712611407 0.5634517669677734 2
1744712611440 0.5837563276290894 3
1744712611455 0.5989847779273987 4
1744712611469 0.5888324975967407 5
1744712611483 0.5989847779273987 6
1744712611499 0.5989847779273987 7
1744712611513 0.5837563276290894 8
1744712611528 0.5939086079597473 9
1744712611544 0.6040608882904053 10
1744712611557 0.6040608882904053 11
1744712611572 0.5888324975967407 12
1744712611587 0.6040608882904053 13
1744712611602 0.5939086079597473 14
1744712611616 0.5888324975967407 15
1744712611630 0.6040608882904053 16
1744712611643 0.6040608882904053 17
1744712611656 0.5939086079597473 18
1744712611671 0.6040608882904053 19
1744712611686 0.6040608882904053 20
