1744712611383 0.691748321056366 0
1744712611400 0.6888630390167236 1
1744712611415 0.6869598031044006 2
1744712611448 0.683583676815033 3
1744712611462 0.6803560853004456 4
1744712611475 0.6792208552360535 5
1744712611491 0.6770870089530945 6
1744712611505 0.6739364862442017 7
1744712611519 0.6746701598167419 8
1744712611536 0.6736770272254944 9
1744712611550 0.673099160194397 10
1744712611565 0.6715229153633118 11
1744712611580 0.6697336435317993 12
1744712611595 0.6680964827537537 13
1744712611608 0.6692821383476257 14
1744712611622 0.6689243912696838 15
1744712611636 0.6658191084861755 16
1744712611650 0.6647823452949524 17
1744712611665 0.6650943160057068 18
1744712611679 0.6679217219352722 19
1744712611693 0.6633278131484985 20
