1744881828164 0.6931840777397156 0
1744881828179 0.6932028532028198 1
1744881828193 0.6928532123565674 2
1744881828206 0.6920627355575562 3
1744881828219 0.6911959052085876 4
1744881828232 0.6918330192565918 5
1744881828248 0.6909428834915161 6
1744881828264 0.6910657286643982 7
1744881828279 0.6917088627815247 8
1744881828294 0.6904474496841431 9
1744881828309 0.6905229687690735 10
1744881828324 0.6900554299354553 11
1744881828338 0.689276933670044 12
1744881828353 0.6891556978225708 13
1744881828366 0.688588559627533 14
1744881828380 0.6900391578674316 15
1744881828396 0.688198447227478 16
1744881828410 0.6863308548927307 17
1744881828426 0.6881346702575684 18
