1744886352107 0.5714285969734192 0
1744886352120 0.5663265585899353 1
1744886352129 0.5663265585899353 2
1744886352137 0.5918367505073547 3
1744886352145 0.5918367505073547 4
1744886352152 0.5867347121238708 5
1744886352160 0.5969387888908386 6
1744886352172 0.6020408272743225 7
1744886352181 0.5918367505073547 8
1744886352189 0.5867347121238708 9
1744886352202 0.5918367505073547 10
1744886352214 0.5765306353569031 11
1744886352222 0.5765306353569031 12
1744886352231 0.5918367505073547 13
1744886352240 0.5714285969734192 14
1744886352254 0.5969387888908386 15
1744886352264 0.5765306353569031 16
1744886352272 0.581632673740387 17
1744886352286 0.5969387888908386 18
