1744886352115 0.69178307056427 0
1744886352124 0.68942791223526 1
1744886352133 0.6874282360076904 2
1744886352140 0.6845327019691467 3
1744886352148 0.6824846863746643 4
1744886352156 0.6792550086975098 5
1744886352165 0.6773127913475037 6
1744886352176 0.6758926510810852 7
1744886352185 0.67255038022995 8
1744886352196 0.6691087484359741 9
1744886352206 0.6672614812850952 10
1744886352218 0.66474449634552 11
1744886352226 0.6638239622116089 12
1744886352236 0.6581613421440125 13
1744886352246 0.6599153876304626 14
1744886352259 0.6580495238304138 15
1744886352268 0.6593095660209656 16
1744886352281 0.6556181907653809 17
1744886352291 0.6534206867218018 18
