1744279821555 0.7498042583465576 0
1744279821568 0.7562487125396729 1
1744279821581 0.7452654242515564 2
1744279821594 0.7376134991645813 3
1744279821608 0.737786054611206 4
1744279821621 0.7372008562088013 5
1744279821633 0.7320366501808167 6
1744279821645 0.7447848916053772 7
1744279821659 0.7330631613731384 8
1744279821671 0.7448018789291382 9
1744279821683 0.7401092648506165 10
1744279821695 0.7271824479103088 11
1744279821707 0.7425333261489868 12
1744279821718 0.7396418452262878 13
1744279821730 0.7301599979400635 14
1744279821741 0.719026505947113 15
1744279821755 0.7109038829803467 16
1744279821768 0.7172620892524719 17
1744279821780 0.7306138873100281 18
