1744279777018 0.5255101919174194 0
1744279777030 0.4948979616165161 1
1744279777040 0.5357142686843872 2
1744279777058 0.5663265585899353 3
1744279777069 0.4948979616165161 4
1744279777080 0.5204081535339355 5
1744279777094 0.5357142686843872 6
1744279777105 0.545918345451355 7
1744279777115 0.5510203838348389 8
1744279777125 0.5714285969734192 9
1744279777134 0.5255101919174194 10
1744279777154 0.5357142686843872 11
1744279777163 0.5510203838348389 12
1744279777174 0.5204081535339355 13
1744279777183 0.5510203838348389 14
1744279777196 0.545918345451355 15
1744279777207 0.5510203838348389 16
1744279777218 0.5510203838348389 17
1744279777228 0.5714285969734192 18
1744279777239 0.5306122303009033 19
1744279777250 0.5714285969734192 20
1744279777259 0.5510203838348389 21
1744279777269 0.5714285969734192 22
1744279777280 0.5663265585899353 23
1744279777291 0.4897959232330322 24
1744279777301 0.5408163070678711 25
1744279777311 0.5357142686843872 26
