1744279777024 0.6872051954269409 0
1744279777035 0.6899807453155518 1
1744279777048 0.6914662718772888 2
1744279777064 0.6837372183799744 3
1744279777074 0.6953552961349487 4
1744279777089 0.6872929930686951 5
1744279777100 0.6913857460021973 6
1744279777110 0.6838515996932983 7
1744279777120 0.6924806833267212 8
1744279777129 0.69195955991745 9
1744279777140 0.6811705827713013 10
1744279777159 0.6851000189781189 11
1744279777169 0.6691823601722717 12
1744279777179 0.6850918531417847 13
1744279777188 0.681944727897644 14
1744279777202 0.6816138625144958 15
1744279777212 0.681983470916748 16
1744279777223 0.6863097548484802 17
1744279777233 0.684511125087738 18
1744279777244 0.6846301555633545 19
1744279777254 0.684349536895752 20
1744279777264 0.6863418817520142 21
1744279777275 0.6818287968635559 22
1744279777286 0.6729270815849304 23
1744279777296 0.6885625720024109 24
1744279777306 0.6843552589416504 25
1744279777316 0.6848058104515076 26
