1744279187161 0.6944574117660522 0
1744279187175 0.6860318183898926 1
1744279187187 0.6790341734886169 2
1744279187199 0.6760833859443665 3
1744279187220 0.6727345585823059 4
1744279187232 0.6712306141853333 5
1744279187243 0.6690961718559265 6
1744279187254 0.6691479086875916 7
1744279187265 0.666834831237793 8
1744279187277 0.6658782362937927 9
1744279187288 0.6650344133377075 10
1744279187299 0.6633016467094421 11
1744279187310 0.6629632711410522 12
1744279187321 0.6624733805656433 13
1744279187333 0.6619649529457092 14
1744279187345 0.6612184643745422 15
1744279187356 0.6606719493865967 16
1744279187367 0.6600538492202759 17
