1744279187150 0.5306122303009033 0
1744279187168 0.5867347121238708 1
1744279187181 0.5867347121238708 2
1744279187193 0.581632673740387 3
1744279187213 0.5918367505073547 4
1744279187226 0.5969387888908386 5
1744279187237 0.6122449040412903 6
1744279187248 0.6020408272743225 7
1744279187260 0.6122449040412903 8
1744279187271 0.5714285969734192 9
1744279187282 0.5714285969734192 10
1744279187293 0.581632673740387 11
1744279187304 0.5969387888908386 12
1744279187316 0.6071428656578064 13
1744279187327 0.5969387888908386 14
1744279187339 0.6122449040412903 15
1744279187351 0.6071428656578064 16
1744279187362 0.6071428656578064 17
