1744886637472 0.6928316354751587 0
1744886637484 0.6927881240844727 1
1744886637494 0.6922973394393921 2
1744886637509 0.6915600895881653 3
1744886637520 0.6907665729522705 4
1744886637530 0.691064715385437 5
1744886637544 0.6911948919296265 6
1744886637562 0.6912659406661987 7
1744886637577 0.6905761957168579 8
1744886637587 0.691017746925354 9
1744886637596 0.6898983716964722 10
1744886637605 0.6892829537391663 11
1744886637614 0.6894482970237732 12
1744886637623 0.6884409785270691 13
1744886637632 0.6888226866722107 14
1744886637641 0.6877325177192688 15
1744886637649 0.6884838938713074 16
1744886637657 0.6867114305496216 17
1744886637665 0.6874079704284668 18
1744886637675 0.687105655670166 19
1744886637683 0.6860385537147522 20
1744886637691 0.6862616539001465 21
