1744886637466 0.545918345451355 0
1744886637477 0.5765306353569031 1
1744886637489 0.581632673740387 2
1744886637500 0.6122449040412903 3
1744886637514 0.5867347121238708 4
1744886637525 0.6224489808082581 5
1744886637538 0.5969387888908386 6
1744886637549 0.5765306353569031 7
1744886637568 0.5561224222183228 8
1744886637582 0.581632673740387 9
1744886637591 0.5918367505073547 10
1744886637600 0.5612244606018066 11
1744886637609 0.581632673740387 12
1744886637618 0.5969387888908386 13
1744886637628 0.5612244606018066 14
1744886637637 0.6020408272743225 15
1744886637645 0.581632673740387 16
1744886637653 0.5765306353569031 17
1744886637661 0.5765306353569031 18
1744886637670 0.5765306353569031 19
1744886637679 0.5918367505073547 20
1744886637687 0.5918367505073547 21
