1744401117972 0.7169342637062073 0
1744401117982 0.693244457244873 1
1744401117992 0.6738054156303406 2
1744401118002 0.6622555255889893 3
1744401118012 0.6713742613792419 4
1744401118023 0.6515359282493591 5
1744401118033 0.6460716128349304 6
1744401118043 0.6515186429023743 7
1744401118054 0.6265373826026917 8
1744401118064 0.6376745700836182 9
1744401118074 0.6106995940208435 10
1744401118085 0.6338112354278564 11
1744401118095 0.6331153512001038 12
1744401118105 0.6177393198013306 13
1744401118115 0.6253566741943359 14
1744401118125 0.6102790236473083 15
