1743763019191 0.7329159379005432 0
1743763019204 0.6989187002182007 1
1743763019217 0.7078404426574707 2
1743763019239 0.7062886357307434 3
1743763019256 0.6669906377792358 4
1743763019268 0.6758707165718079 5
1743763019279 0.7021558284759521 6
1743763019291 0.6702881455421448 7
1743763019303 0.7210091352462769 8
1743763019315 0.67729651927948 9
1743763019326 0.681928813457489 10
1743763019337 0.6937819123268127 11
1743763019348 0.715832531452179 12
1743763019359 0.7118100523948669 13
1743763019371 0.664008617401123 14
1743763019383 0.6884146928787231 15
