1743763019185 0.47826087474823 0
1743763019197 0.6086956262588501 1
1743763019210 0.43478259444236755 2
1743763019232 0.52173912525177 3
1743763019249 0.52173912525177 4
1743763019262 0.5652173757553101 5
1743763019273 0.6086956262588501 6
1743763019286 0.5652173757553101 7
1743763019298 0.47826087474823 8
1743763019310 0.47826087474823 9
1743763019320 0.5652173757553101 10
1743763019332 0.6521739363670349 11
1743763019342 0.52173912525177 12
1743763019354 0.52173912525177 13
1743763019365 0.6521739363670349 14
1743763019377 0.6086956262588501 15
