1744712105649 0.6927663087844849 0
1744712105658 0.6930176615715027 1
1744712105667 0.6923176646232605 2
1744712105675 0.6927035450935364 3
1744712105684 0.6922601461410522 4
1744712105692 0.6926150321960449 5
1744712105700 0.691865086555481 6
1744712105708 0.6911271810531616 7
1744712105717 0.6911853551864624 8
1744712105725 0.6912952065467834 9
1744712105733 0.6914118528366089 10
1744712105742 0.6907001733779907 11
1744712105751 0.6901797652244568 12
1744712105760 0.6904833912849426 13
1744712105772 0.6905419826507568 14
