1744396989370 0.5126903653144836 0
1744396989383 0.5228426456451416 1
1744396989396 0.5837563276290894 2
1744396989407 0.5888324975967407 3
1744396989417 0.5634517669677734 4
1744396989428 0.5583756566047668 5
1744396989444 0.5888324975967407 6
1744396989454 0.5736040472984314 7
1744396989466 0.5583756566047668 8
1744396989476 0.5634517669677734 9
1744396989485 0.5634517669677734 10
1744396989496 0.5685279369354248 11
1744396989506 0.5685279369354248 12
1744396989516 0.5786802172660828 13
1744396989527 0.5634517669677734 14
