1744396989377 0.6925667524337769 0
1744396989389 0.6920598149299622 1
1744396989402 0.690961480140686 2
1744396989412 0.6902845501899719 3
1744396989422 0.6896318793296814 4
1744396989436 0.688194990158081 5
1744396989449 0.6879940032958984 6
1744396989460 0.6868852376937866 7
1744396989471 0.6867530941963196 8
1744396989480 0.6855670213699341 9
1744396989490 0.6840183138847351 10
1744396989501 0.6834625601768494 11
1744396989511 0.6833892464637756 12
1744396989521 0.682441234588623 13
1744396989532 0.6819820404052734 14
