1744881883545 0.5685279369354248 0
1744881883563 0.5736040472984314 1
1744881883593 0.5685279369354248 2
1744881883621 0.5634517669677734 3
1744881883643 0.5685279369354248 4
1744881883684 0.5634517669677734 5
1744881883749 0.5634517669677734 6
1744881883777 0.5634517669677734 7
1744881883801 0.5634517669677734 8
1744881883825 0.5634517669677734 9
1744881883846 0.5634517669677734 10
1744881883867 0.5634517669677734 11
1744881883888 0.5634517669677734 12
1744881883909 0.5634517669677734 13
1744881883926 0.5685279369354248 14
1744881883942 0.5634517669677734 15
1744881883958 0.5634517669677734 16
1744881883978 0.5634517669677734 17
1744881883998 0.5685279369354248 18
