1744881883555 0.6920512318611145 0
1744881883574 0.6908990740776062 1
1744881883609 0.6893988251686096 2
1744881883629 0.6888934969902039 3
1744881883659 0.6877785325050354 4
1744881883705 0.6876996755599976 5
1744881883766 0.6869455575942993 6
1744881883788 0.6857212781906128 7
1744881883810 0.6847543716430664 8
1744881883836 0.6838627457618713 9
1744881883857 0.6811068654060364 10
1744881883877 0.6809036135673523 11
1744881883898 0.6810882091522217 12
1744881883917 0.6799131035804749 13
1744881883934 0.6798865795135498 14
1744881883950 0.6799494028091431 15
1744881883966 0.6770485043525696 16
1744881883990 0.6787464618682861 17
1744881884005 0.678973913192749 18
