1744279208101 0.47448980808258057 0
1744279208111 0.4897959232330322 1
1744279208124 0.4897959232330322 2
1744279208143 0.5306122303009033 3
1744279208154 0.5051020383834839 4
1744279208163 0.5306122303009033 5
1744279208173 0.5612244606018066 6
1744279208183 0.5714285969734192 7
1744279208194 0.5357142686843872 8
1744279208208 0.5663265585899353 9
1744279208220 0.6020408272743225 10
1744279208232 0.545918345451355 11
1744279208243 0.5612244606018066 12
1744279208254 0.5969387888908386 13
1744279208269 0.581632673740387 14
1744279208280 0.5306122303009033 15
