1744279208106 0.772295355796814 0
1744279208118 0.7294690012931824 1
1744279208131 0.723608136177063 2
1744279208149 0.6994030475616455 3
1744279208158 0.7001749277114868 4
1744279208168 0.6916443109512329 5
1744279208178 0.6767839193344116 6
1744279208188 0.6796213388442993 7
1744279208199 0.6853021383285522 8
1744279208214 0.671978771686554 9
1744279208226 0.6884986162185669 10
1744279208238 0.6793147325515747 11
1744279208248 0.6785237789154053 12
1744279208263 0.6772053241729736 13
1744279208275 0.6661139726638794 14
1744279208286 0.6910302042961121 15
