1744279293167 0.47959184646606445 0
1744279293182 0.5357142686843872 1
1744279293197 0.6020408272743225 2
1744279293211 0.5561224222183228 3
1744279293229 0.5612244606018066 4
1744279293243 0.5612244606018066 5
1744279293255 0.5765306353569031 6
1744279293274 0.5357142686843872 7
1744279293287 0.5510203838348389 8
1744279293300 0.5663265585899353 9
1744279293311 0.5867347121238708 10
1744279293323 0.5867347121238708 11
1744279293335 0.5612244606018066 12
1744279293346 0.5918367505073547 13
1744279293359 0.5867347121238708 14
1744279293373 0.581632673740387 15
