1744279293175 0.718000590801239 0
1744279293190 0.6978670954704285 1
1744279293203 0.6830213069915771 2
1744279293216 0.6839194297790527 3
1744279293236 0.6765515208244324 4
1744279293249 0.6884539723396301 5
1744279293262 0.6834948062896729 6
1744279293281 0.6860936880111694 7
1744279293294 0.6763660907745361 8
1744279293305 0.6840449571609497 9
1744279293317 0.6739749312400818 10
1744279293328 0.6752901077270508 11
1744279293341 0.6807111501693726 12
1744279293353 0.6636403203010559 13
1744279293364 0.6676050424575806 14
1744279293382 0.6725408434867859 15
