1744368184082 0.5126903653144836 0
1744368184103 0.5634517669677734 1
1744368184112 0.5736040472984314 2
1744368184123 0.5786802172660828 3
1744368184132 0.5888324975967407 4
1744368184142 0.5837563276290894 5
1744368184152 0.5736040472984314 6
1744368184170 0.5786802172660828 7
1744368184179 0.5837563276290894 8
1744368184187 0.5837563276290894 9
1744368184196 0.5786802172660828 10
1744368184208 0.5888324975967407 11
1744368184218 0.5888324975967407 12
1744368184230 0.5837563276290894 13
1744368184238 0.5837563276290894 14
