1744368184088 0.6919302940368652 0
1744368184108 0.687870442867279 1
1744368184118 0.686196506023407 2
1744368184128 0.6804143190383911 3
1744368184137 0.6781971454620361 4
1744368184147 0.6764912009239197 5
1744368184165 0.674201250076294 6
1744368184174 0.6707910895347595 7
1744368184183 0.6711978912353516 8
1744368184191 0.6740937232971191 9
1744368184200 0.6718025207519531 10
1744368184213 0.6716791391372681 11
1744368184223 0.6679019331932068 12
1744368184234 0.6685242652893066 13
1744368184243 0.665008008480072 14
