1743763159625 0.6866196393966675 0
1743763159636 0.6528509259223938 1
1743763159647 0.7045099139213562 2
1743763159658 0.6698082685470581 3
1743763159669 0.6526530981063843 4
1743763159680 0.6391652822494507 5
1743763159691 0.674117922782898 6
1743763159703 0.6393407583236694 7
1743763159713 0.6225680708885193 8
1743763159724 0.6228058934211731 9
1743763159736 0.6433129906654358 10
1743763159747 0.6405383348464966 11
1743763159759 0.6090817451477051 12
1743763159774 0.6343373656272888 13
1743763159784 0.6235702633857727 14
