1744401458416 0.7018130421638489 0
1744401458429 0.6718227863311768 1
1744401458442 0.6519295573234558 2
1744401458455 0.6273487210273743 3
1744401458467 0.6267133951187134 4
1744401458479 0.6353089213371277 5
1744401458491 0.6211630702018738 6
1744401458502 0.6392789483070374 7
1744401458514 0.6116212606430054 8
1744401458526 0.6039624810218811 9
1744401458537 0.6108677387237549 10
1744401458549 0.604656457901001 11
1744401458561 0.6116840243339539 12
1744401458573 0.6053040623664856 13
1744401458583 0.5847406983375549 14
1744401458594 0.575168788433075 15
1744401458604 0.5757133960723877 16
