1744401458410 0.5364583134651184 0
1744401458423 0.5520833134651184 1
1744401458435 0.5885416865348816 2
1744401458448 0.6458333134651184 3
1744401458461 0.671875 4
1744401458473 0.6666666865348816 5
1744401458485 0.6614583134651184 6
1744401458497 0.6614583134651184 7
1744401458509 0.6927083134651184 8
1744401458520 0.7083333134651184 9
1744401458531 0.7135416865348816 10
1744401458543 0.6510416865348816 11
1744401458555 0.671875 12
1744401458567 0.6927083134651184 13
1744401458578 0.7135416865348816 14
1744401458589 0.7291666865348816 15
1744401458599 0.7291666865348816 16
