1744886117036 0.581632673740387 0
1744886117047 0.5867347121238708 1
1744886117057 0.5714285969734192 2
1744886117067 0.5918367505073547 3
1744886117076 0.5765306353569031 4
1744886117085 0.6020408272743225 5
1744886117093 0.5867347121238708 6
1744886117102 0.581632673740387 7
1744886117111 0.5765306353569031 8
1744886117119 0.5918367505073547 9
1744886117128 0.5918367505073547 10
1744886117136 0.5969387888908386 11
1744886117144 0.5867347121238708 12
1744886117152 0.581632673740387 13
1744886117160 0.6173469424247742 14
1744886117167 0.6020408272743225 15
1744886117175 0.6173469424247742 16
1744886117182 0.6020408272743225 17
1744886117189 0.6071428656578064 18
1744886117197 0.6020408272743225 19
1744886117206 0.6224489808082581 20
1744886117214 0.6020408272743225 21
1744886117223 0.6122449040412903 22
1744886117232 0.6071428656578064 23
1744886117239 0.6224489808082581 24
1744886117246 0.6224489808082581 25
1744886117253 0.6428571343421936 26
1744886117261 0.6428571343421936 27
1744886117269 0.6275510191917419 28
