1744886117041 0.6928918957710266 0
1744886117052 0.6895323991775513 1
1744886117062 0.6863464713096619 2
1744886117072 0.6827540397644043 3
1744886117080 0.6799491047859192 4
1744886117089 0.6743016242980957 5
1744886117098 0.672161877155304 6
1744886117106 0.6668906211853027 7
1744886117115 0.662751317024231 8
1744886117124 0.6623164415359497 9
1744886117132 0.6568219661712646 10
1744886117139 0.6554606556892395 11
1744886117148 0.6541513800621033 12
1744886117156 0.652614414691925 13
1744886117164 0.654395580291748 14
1744886117171 0.6493611931800842 15
1744886117178 0.6512075662612915 16
1744886117185 0.6505000591278076 17
1744886117193 0.645820140838623 18
1744886117202 0.6475586891174316 19
1744886117210 0.6486946940422058 20
1744886117219 0.6487343311309814 21
1744886117227 0.648991048336029 22
1744886117235 0.6456505656242371 23
1744886117243 0.643659234046936 24
1744886117250 0.6427320241928101 25
1744886117257 0.6405325531959534 26
1744886117265 0.6422725319862366 27
1744886117273 0.6456407308578491 28
