1743763483007 0.6522823572158813 0
1743763483017 0.625877857208252 1
1743763483027 0.6304979920387268 2
1743763483036 0.6249566078186035 3
1743763483046 0.6055130958557129 4
1743763483055 0.5771682858467102 5
1743763483064 0.5913239121437073 6
1743763483073 0.6081295609474182 7
1743763483082 0.5900535583496094 8
1743763483091 0.5578977465629578 9
1743763483100 0.575808048248291 10
1743763483108 0.5775174498558044 11
1743763483117 0.5757378339767456 12
1743763483126 0.5649777054786682 13
1743763483136 0.5505334138870239 14
1743763483145 0.5832573771476746 15
1743763483153 0.5769220590591431 16
1743763483163 0.5498598217964172 17
1743763483173 0.5590562224388123 18
