1743763483002 0.695652186870575 0
1743763483012 0.6521739363670349 1
1743763483022 0.6521739363670349 2
1743763483032 0.6086956262588501 3
1743763483041 0.6521739363670349 4
1743763483051 0.739130437374115 5
1743763483059 0.6086956262588501 6
1743763483069 0.6086956262588501 7
1743763483077 0.6521739363670349 8
1743763483086 0.782608687877655 9
1743763483095 0.695652186870575 10
1743763483104 0.695652186870575 11
1743763483113 0.695652186870575 12
1743763483122 0.695652186870575 13
1743763483131 0.739130437374115 14
1743763483140 0.695652186870575 15
1743763483149 0.695652186870575 16
1743763483158 0.782608687877655 17
1743763483168 0.695652186870575 18
