1744712933406 0.6921818256378174 0
1744712933422 0.689454972743988 1
1744712933433 0.6870054602622986 2
1744712933445 0.6837367415428162 3
1744712933457 0.682208776473999 4
1744712933472 0.6815242171287537 5
1744712933483 0.6795266270637512 6
1744712933495 0.6771257519721985 7
1744712933507 0.6750860214233398 8
1744712933522 0.6744807958602905 9
1744712933534 0.672877848148346 10
1744712933546 0.6718177795410156 11
1744712933557 0.671074390411377 12
1744712933569 0.669938862323761 13
1744712933581 0.6692101359367371 14
1744712933595 0.6706033945083618 15
1744712933607 0.6677018404006958 16
1744712933619 0.6694667339324951 17
1744712933631 0.6693572402000427 18
1744712933643 0.6701421737670898 19
1744712933654 0.6688051223754883 20
1744712933666 0.6690064072608948 21
1744712933680 0.6681832075119019 22
