1744712933400 0.5685279369354248 0
1744712933416 0.5989847779273987 1
1744712933428 0.5736040472984314 2
1744712933439 0.5685279369354248 3
1744712933451 0.5685279369354248 4
1744712933466 0.5736040472984314 5
1744712933477 0.5736040472984314 6
1744712933489 0.5939086079597473 7
1744712933501 0.5888324975967407 8
1744712933513 0.5685279369354248 9
1744712933528 0.5888324975967407 10
1744712933540 0.5685279369354248 11
1744712933551 0.5837563276290894 12
1744712933563 0.5888324975967407 13
1744712933575 0.5939086079597473 14
1744712933589 0.5888324975967407 15
1744712933601 0.6040608882904053 16
1744712933613 0.5888324975967407 17
1744712933625 0.5786802172660828 18
1744712933637 0.5888324975967407 19
1744712933648 0.5939086079597473 20
1744712933660 0.5837563276290894 21
1744712933673 0.5837563276290894 22
