1744279908873 0.7232767343521118 0
1744279908884 0.7345187664031982 1
1744279908898 0.7167485952377319 2
1744279908911 0.7131388783454895 3
1744279908923 0.7181228399276733 4
1744279908934 0.7102453112602234 5
1744279908944 0.7143166065216064 6
1744279908955 0.7105496525764465 7
1744279908966 0.7225704789161682 8
1744279908977 0.7155766487121582 9
1744279908988 0.7088167071342468 10
1744279908999 0.7119531631469727 11
1744279909008 0.7017734050750732 12
1744279909019 0.7028086185455322 13
1744279909029 0.7101441025733948 14
1744279909040 0.7096295356750488 15
1744279909052 0.7102282047271729 16
1744279909062 0.7006767392158508 17
1744279909073 0.7082844376564026 18
1744279909083 0.6984684467315674 19
1744279909093 0.7049588561058044 20
1744279909103 0.6972533464431763 21
1744279909114 0.7011259198188782 22
1744279909126 0.7103083729743958 23
1744279909136 0.7028015851974487 24
1744279909147 0.7025341391563416 25
1744279909158 0.6998006105422974 26
1744279909169 0.6992223858833313 27
1744279909180 0.7065036296844482 28
1744279909191 0.6947972178459167 29
