1744279908866 0.4336734712123871 0
1744279908879 0.44387754797935486 1
1744279908891 0.4591836631298065 2
1744279908904 0.44897958636283875 3
1744279908918 0.4642857015132904 4
1744279908929 0.4591836631298065 5
1744279908939 0.44387754797935486 6
1744279908949 0.4642857015132904 7
1744279908960 0.44897958636283875 8
1744279908971 0.43877550959587097 9
1744279908982 0.4642857015132904 10
1744279908993 0.45408162474632263 11
1744279909004 0.4897959232330322 12
1744279909014 0.4897959232330322 13
1744279909024 0.4642857015132904 14
1744279909035 0.47448980808258057 15
1744279909046 0.5051020383834839 16
1744279909057 0.47959184646606445 17
1744279909068 0.47959184646606445 18
1744279909078 0.4948979616165161 19
1744279909088 0.4897959232330322 20
1744279909098 0.5204081535339355 21
1744279909109 0.47448980808258057 22
1744279909119 0.4897959232330322 23
1744279909131 0.5 24
1744279909142 0.4948979616165161 25
1744279909152 0.5153061151504517 26
1744279909164 0.48469388484954834 27
1744279909174 0.47959184646606445 28
1744279909186 0.5 29
