1744882090125 0.5583756566047668 0
1744882090139 0.5634517669677734 1
1744882090153 0.5634517669677734 2
1744882090167 0.5685279369354248 3
1744882090182 0.5685279369354248 4
1744882090197 0.5685279369354248 5
1744882090212 0.5736040472984314 6
1744882090225 0.5736040472984314 7
1744882090239 0.5634517669677734 8
1744882090251 0.5989847779273987 9
1744882090263 0.6142131686210632 10
1744882090276 0.6040608882904053 11
1744882090289 0.6294416189193726 12
1744882090301 0.6395938992500305 13
1744882090314 0.6192893385887146 14
1744882090326 0.6345177888870239 15
1744882090339 0.6497461795806885 16
1744882090352 0.6548223495483398 17
1744882090365 0.6751269102096558 18
1744882090378 0.6649746298789978 19
1744882090390 0.6852791905403137 20
1744882090403 0.6802030205726624 21
1744882090415 0.6751269102096558 22
1744882090428 0.6598984599113464 23
1744882090440 0.6700507402420044 24
1744882090453 0.6802030205726624 25
1744882090466 0.6802030205726624 26
