1744882090132 0.6921035051345825 0
1744882090146 0.6894987225532532 1
1744882090160 0.6872951984405518 2
1744882090174 0.684918224811554 3
1744882090189 0.6819542646408081 4
1744882090204 0.6794188618659973 5
1744882090219 0.6762475967407227 6
1744882090232 0.6743322014808655 7
1744882090245 0.6713859438896179 8
1744882090257 0.6682860255241394 9
1744882090270 0.6657677888870239 10
1744882090282 0.6611544489860535 11
1744882090295 0.65828537940979 12
1744882090308 0.6540876626968384 13
1744882090320 0.651947557926178 14
1744882090333 0.6488763689994812 15
1744882090345 0.6476994752883911 16
1744882090358 0.6445700526237488 17
1744882090371 0.6420141458511353 18
1744882090384 0.6376960277557373 19
1744882090396 0.6350825428962708 20
1744882090409 0.635059654712677 21
1744882090421 0.6282563805580139 22
1744882090434 0.6284820437431335 23
1744882090447 0.6288682818412781 24
1744882090459 0.6212834119796753 25
1744882090473 0.6179751753807068 26
