1744397406325 0.5025380849838257 0
1744397406338 0.5482233762741089 1
1744397406351 0.5989847779273987 2
1744397406362 0.6192893385887146 3
1744397406374 0.5989847779273987 4
1744397406387 0.5939086079597473 5
1744397406400 0.6395938992500305 6
1744397406415 0.5989847779273987 7
1744397406431 0.5989847779273987 8
1744397406448 0.6091370582580566 9
1744397406458 0.5989847779273987 10
1744397406467 0.6142131686210632 11
1744397406476 0.6142131686210632 12
1744397406485 0.5837563276290894 13
1744397406494 0.5989847779273987 14
1744397406504 0.5939086079597473 15
1744397406514 0.5989847779273987 16
1744397406524 0.6040608882904053 17
1744397406533 0.5837563276290894 18
1744397406542 0.5888324975967407 19
