1744397406331 0.6934990882873535 0
1744397406345 0.6926799416542053 1
1744397406357 0.692169725894928 2
1744397406368 0.6920813322067261 3
1744397406381 0.6919764876365662 4
1744397406394 0.6912270784378052 5
1744397406406 0.6909269690513611 6
1744397406422 0.6911711096763611 7
1744397406442 0.6905695199966431 8
1744397406453 0.6905784010887146 9
1744397406463 0.6902515292167664 10
1744397406472 0.6899811625480652 11
1744397406481 0.6892694234848022 12
1744397406490 0.6891717910766602 13
1744397406499 0.6890436410903931 14
1744397406509 0.6895956993103027 15
1744397406519 0.6883337497711182 16
1744397406528 0.688245952129364 17
1744397406537 0.6879491806030273 18
1744397406546 0.6878767609596252 19
