1744881794074 0.4974619150161743 0
1744881794088 0.5685279369354248 1
1744881794101 0.5583756566047668 2
1744881794115 0.5634517669677734 3
1744881794129 0.5634517669677734 4
1744881794143 0.5634517669677734 5
1744881794157 0.5634517669677734 6
1744881794170 0.5634517669677734 7
1744881794184 0.5634517669677734 8
1744881794197 0.5634517669677734 9
1744881794211 0.5634517669677734 10
1744881794225 0.5634517669677734 11
1744881794239 0.5634517669677734 12
1744881794253 0.5634517669677734 13
1744881794267 0.5634517669677734 14
1744881794281 0.5634517669677734 15
1744881794295 0.5634517669677734 16
1744881794309 0.5634517669677734 17
1744881794323 0.5634517669677734 18
