1744713331888 0.5380710363388062 0
1744713331911 0.5736040472984314 1
1744713331930 0.5786802172660828 2
1744713331951 0.5634517669677734 3
1744713331968 0.5837563276290894 4
1744713332005 0.5939086079597473 5
1744713332026 0.5939086079597473 6
1744713332040 0.5939086079597473 7
1744713332052 0.5786802172660828 8
1744713332064 0.5786802172660828 9
1744713332076 0.5989847779273987 10
1744713332088 0.6040608882904053 11
1744713332100 0.6091370582580566 12
1744713332114 0.6091370582580566 13
1744713332129 0.6091370582580566 14
1744713332142 0.6091370582580566 15
1744713332154 0.6142131686210632 16
1744713332166 0.6192893385887146 17
1744713332178 0.6192893385887146 18
1744713332191 0.624365508556366 19
