1744882256446 0.4771573543548584 0
1744882256467 0.5431472063064575 1
1744882256485 0.5532994866371155 2
1744882256502 0.5685279369354248 3
1744882256517 0.5634517669677734 4
1744882256538 0.5685279369354248 5
1744882256553 0.5583756566047668 6
1744882256566 0.5685279369354248 7
1744882256579 0.5685279369354248 8
1744882256592 0.5634517669677734 9
1744882256604 0.5685279369354248 10
1744882256618 0.5736040472984314 11
1744882256630 0.5634517669677734 12
1744882256643 0.5634517669677734 13
1744882256666 0.5685279369354248 14
1744882256683 0.5685279369354248 15
1744882256697 0.5786802172660828 16
1744882256710 0.5685279369354248 17
1744882256723 0.5685279369354248 18
