1744882256458 0.6929122805595398 0
1744882256476 0.6932076215744019 1
1744882256493 0.6925863027572632 2
1744882256510 0.6925897002220154 3
1744882256530 0.6917593479156494 4
1744882256546 0.6919596195220947 5
1744882256559 0.691251814365387 6
1744882256572 0.6912609338760376 7
1744882256585 0.6909893155097961 8
1744882256598 0.6909294128417969 9
1744882256611 0.6904623508453369 10
1744882256624 0.6901320815086365 11
1744882256637 0.6899203658103943 12
1744882256658 0.6887675523757935 13
1744882256674 0.6894214749336243 14
1744882256691 0.6890634298324585 15
1744882256703 0.688549280166626 16
1744882256716 0.6884434223175049 17
1744882256729 0.6881128549575806 18
