1744886401540 0.6926240921020508 0
1744886401550 0.6871365904808044 1
1744886401559 0.6840456128120422 2
1744886401568 0.6809810996055603 3
1744886401577 0.6755831837654114 4
1744886401586 0.6712250113487244 5
1744886401595 0.666816234588623 6
1744886401604 0.6636776924133301 7
1744886401612 0.6599766612052917 8
1744886401621 0.6585134267807007 9
1744886401629 0.6553109884262085 10
1744886401638 0.6537631154060364 11
1744886401647 0.6522595286369324 12
1744886401655 0.65202796459198 13
1744886401663 0.6509711742401123 14
1744886401671 0.6498035192489624 15
1744886401680 0.6494676470756531 16
1744886401688 0.6486395001411438 17
1744886401696 0.6486899852752686 18
1744886401706 0.6478724479675293 19
1744886401717 0.6470898389816284 20
