1744886401535 0.5051020383834839 0
1744886401546 0.5561224222183228 1
1744886401555 0.581632673740387 2
1744886401564 0.5714285969734192 3
1744886401573 0.5765306353569031 4
1744886401582 0.5714285969734192 5
1744886401591 0.5918367505073547 6
1744886401599 0.5867347121238708 7
1744886401608 0.5918367505073547 8
1744886401616 0.6071428656578064 9
1744886401625 0.6275510191917419 10
1744886401633 0.6326530575752258 11
1744886401642 0.6326530575752258 12
1744886401651 0.6224489808082581 13
1744886401659 0.6020408272743225 14
1744886401667 0.6071428656578064 15
1744886401676 0.6071428656578064 16
1744886401684 0.6020408272743225 17
1744886401692 0.6122449040412903 18
1744886401701 0.6173469424247742 19
1744886401712 0.6224489808082581 20
