1744397051413 0.46700507402420044 0
1744397051430 0.5532994866371155 1
1744397051444 0.5837563276290894 2
1744397051470 0.6142131686210632 3
1744397051488 0.5736040472984314 4
1744397051510 0.5786802172660828 5
1744397051524 0.5786802172660828 6
1744397051537 0.5685279369354248 7
1744397051550 0.5786802172660828 8
1744397051564 0.5837563276290894 9
1744397051577 0.5888324975967407 10
1744397051592 0.5837563276290894 11
1744397051614 0.5837563276290894 12
1744397051627 0.5837563276290894 13
1744397051647 0.5837563276290894 14
