1744397051421 0.6935710906982422 0
1744397051437 0.6927273869514465 1
1744397051461 0.6919639110565186 2
1744397051478 0.691260814666748 3
1744397051495 0.6905915141105652 4
1744397051517 0.6897927522659302 5
1744397051530 0.6891253590583801 6
1744397051544 0.6885094046592712 7
1744397051557 0.6877537965774536 8
1744397051571 0.6869175434112549 9
1744397051585 0.686222493648529 10
1744397051606 0.6854054927825928 11
1744397051620 0.684704601764679 12
1744397051637 0.6836181282997131 13
1744397051657 0.682879626750946 14
