1744886152903 0.5714285969734192 0
1744886152915 0.6071428656578064 1
1744886152925 0.5867347121238708 2
1744886152933 0.6020408272743225 3
1744886152945 0.6275510191917419 4
1744886152954 0.545918345451355 5
1744886152964 0.6020408272743225 6
1744886152973 0.6122449040412903 7
1744886152982 0.6122449040412903 8
1744886152991 0.6173469424247742 9
1744886153000 0.5867347121238708 10
1744886153009 0.5867347121238708 11
1744886153017 0.5867347121238708 12
1744886153025 0.6071428656578064 13
1744886153034 0.6122449040412903 14
1744886153043 0.5765306353569031 15
1744886153053 0.6071428656578064 16
1744886153061 0.6020408272743225 17
1744886153069 0.6071428656578064 18
1744886153078 0.5918367505073547 19
1744886153087 0.6275510191917419 20
1744886153095 0.5867347121238708 21
1744886153108 0.6173469424247742 22
1744886153116 0.6122449040412903 23
1744886153124 0.6020408272743225 24
1744886153132 0.5918367505073547 25
