1744397255819 0.4517766535282135 0
1744397255832 0.5279187560081482 1
1744397255845 0.5380710363388062 2
1744397255856 0.5736040472984314 3
1744397255866 0.5736040472984314 4
1744397255877 0.5279187560081482 5
1744397255889 0.5532994866371155 6
1744397255899 0.5786802172660828 7
1744397255909 0.5736040472984314 8
1744397255920 0.6192893385887146 9
1744397255931 0.5583756566047668 10
1744397255943 0.5431472063064575 11
1744397255955 0.5431472063064575 12
1744397255967 0.5532994866371155 13
1744397255980 0.5736040472984314 14
1744397255992 0.5685279369354248 15
1744397256004 0.5939086079597473 16
