1744397255826 0.6938181519508362 0
1744397255838 0.6920027136802673 1
1744397255851 0.6929019093513489 2
1744397255861 0.6930911540985107 3
1744397255872 0.6930751204490662 4
1744397255883 0.6931145191192627 5
1744397255894 0.692396342754364 6
1744397255904 0.6917874813079834 7
1744397255914 0.6917255520820618 8
1744397255926 0.6916598677635193 9
1744397255937 0.6922988295555115 10
1744397255950 0.692078173160553 11
1744397255961 0.6914912462234497 12
1744397255974 0.6916875839233398 13
1744397255986 0.6918877959251404 14
1744397255998 0.6914259195327759 15
1744397256009 0.6905436515808105 16
