1744712715873 0.5228426456451416 0
1744712715889 0.5634517669677734 1
1744712715900 0.5685279369354248 2
1744712715914 0.5888324975967407 3
1744712715925 0.5685279369354248 4
1744712715965 0.5888324975967407 5
1744712715978 0.5939086079597473 6
1744712715989 0.5837563276290894 7
1744712716000 0.5989847779273987 8
1744712716011 0.5888324975967407 9
1744712716023 0.5837563276290894 10
1744712716035 0.5837563276290894 11
1744712716056 0.5786802172660828 12
1744712716067 0.5939086079597473 13
1744712716079 0.6040608882904053 14
1744712716089 0.5939086079597473 15
1744712716101 0.5989847779273987 16
1744712716112 0.5989847779273987 17
1744712716123 0.5939086079597473 18
1744712716135 0.5939086079597473 19
