1744712715883 0.6924058198928833 0
1744712715894 0.6885584592819214 1
1744712715906 0.6864703297615051 2
1744712715919 0.6829326748847961 3
1744712715931 0.6798215508460999 4
1744712715972 0.6779842376708984 5
1744712715984 0.6757605075836182 6
1744712715994 0.6730477809906006 7
1744712716006 0.6716939210891724 8
1744712716017 0.6714024543762207 9
1744712716029 0.6709304451942444 10
1744712716050 0.6685988306999207 11
1744712716061 0.6688081622123718 12
1744712716073 0.6672405004501343 13
1744712716084 0.6667829155921936 14
1744712716095 0.6651098728179932 15
1744712716106 0.6662667393684387 16
1744712716117 0.6648685932159424 17
1744712716129 0.6667040586471558 18
1744712716140 0.6605596542358398 19
