1744279901804 0.6900172233581543 0
1744279901816 0.6747608780860901 1
1744279901828 0.6750035285949707 2
1744279901840 0.681941032409668 3
1744279901850 0.6745031476020813 4
1744279901860 0.6858607530593872 5
1744279901870 0.6861020922660828 6
1744279901880 0.6805995106697083 7
1744279901890 0.6669196486473083 8
1744279901900 0.6830393671989441 9
1744279901912 0.6888167858123779 10
1744279901923 0.681908369064331 11
1744279901933 0.683030903339386 12
1744279901944 0.6842871904373169 13
1744279901953 0.6679044961929321 14
1744279901964 0.6727563738822937 15
1744279901974 0.678082287311554 16
1744279901984 0.675384521484375 17
1744279901994 0.6638398170471191 18
