1744279901798 0.5714285969734192 0
1744279901810 0.5969387888908386 1
1744279901822 0.6377550959587097 2
1744279901834 0.5357142686843872 3
1744279901845 0.6122449040412903 4
1744279901855 0.545918345451355 5
1744279901865 0.5510203838348389 6
1744279901875 0.5663265585899353 7
1744279901885 0.6122449040412903 8
1744279901895 0.5561224222183228 9
1744279901905 0.5918367505073547 10
1744279901917 0.6020408272743225 11
1744279901928 0.5714285969734192 12
1744279901939 0.5612244606018066 13
1744279901949 0.581632673740387 14
1744279901959 0.6071428656578064 15
1744279901969 0.5714285969734192 16
1744279901979 0.6071428656578064 17
1744279901989 0.5969387888908386 18
