1744886267136 0.5051020383834839 0
1744886267149 0.5306122303009033 1
1744886267161 0.5255101919174194 2
1744886267170 0.5255101919174194 3
1744886267179 0.5357142686843872 4
1744886267189 0.5306122303009033 5
1744886267198 0.5306122303009033 6
1744886267207 0.5510203838348389 7
1744886267216 0.5867347121238708 8
1744886267224 0.5969387888908386 9
1744886267233 0.581632673740387 10
1744886267244 0.581632673740387 11
1744886267254 0.581632673740387 12
1744886267264 0.5867347121238708 13
1744886267274 0.5867347121238708 14
1744886267283 0.581632673740387 15
1744886267291 0.581632673740387 16
1744886267300 0.5867347121238708 17
1744886267309 0.5918367505073547 18
1744886267319 0.5918367505073547 19
1744886267328 0.5918367505073547 20
1744886267338 0.5918367505073547 21
1744886267348 0.5918367505073547 22
1744886267360 0.5918367505073547 23
1744886267369 0.5918367505073547 24
1744886267379 0.5867347121238708 25
1744886267388 0.581632673740387 26
1744886267397 0.581632673740387 27
1744886267408 0.581632673740387 28
1744886267417 0.581632673740387 29
