1744886267143 0.6934422254562378 0
1744886267154 0.6932297348976135 1
1744886267166 0.6930721998214722 2
1744886267175 0.6929097771644592 3
1744886267184 0.6927614808082581 4
1744886267193 0.6926150321960449 5
1744886267202 0.6924685835838318 6
1744886267212 0.6923321485519409 7
1744886267220 0.6921477317810059 8
1744886267228 0.6919944286346436 9
1744886267237 0.6918174028396606 10
1744886267249 0.6916857957839966 11
1744886267259 0.6914973258972168 12
1744886267269 0.691369354724884 13
1744886267279 0.6912012100219727 14
1744886267287 0.6910524368286133 15
1744886267296 0.690924882888794 16
1744886267305 0.6907706260681152 17
1744886267314 0.6906479597091675 18
1744886267324 0.6904830932617188 19
1744886267333 0.6903243660926819 20
1744886267343 0.6901955008506775 21
1744886267354 0.6900491714477539 22
1744886267364 0.6899121999740601 23
1744886267374 0.6897470951080322 24
1744886267384 0.689580500125885 25
1744886267393 0.6894376277923584 26
1744886267403 0.6892969608306885 27
1744886267413 0.689153254032135 28
1744886267421 0.6890307664871216 29
