1745402979261 0.47448980808258057 0
1745402979319 0.5255101919174194 1
1745402979375 0.5153061151504517 2
1745402979432 0.5561224222183228 3
1745402979489 0.5306122303009033 4
1745402979546 0.5663265585899353 5
1745402979604 0.5765306353569031 6
1745402979668 0.545918345451355 7
1745402979732 0.5612244606018066 8
1745402979815 0.5765306353569031 9
1745402979876 0.5918367505073547 10
1745402979940 0.5765306353569031 11
1745402980004 0.5612244606018066 12
1745402980067 0.5969387888908386 13
1745402980141 0.6122449040412903 14
1745402980210 0.5765306353569031 15
1745402980279 0.6173469424247742 16
1745402980413 0.5918367505073547 17
1745402980489 0.5969387888908386 18
1745402980554 0.6071428656578064 19
1745402980620 0.5969387888908386 20
1745402980680 0.5918367505073547 21
1745402980739 0.5969387888908386 22
1745402980797 0.5969387888908386 23
