1745402979290 0.6935200691223145 0
1745402979347 0.6936137676239014 1
1745402979403 0.6931993961334229 2
1745402979461 0.6927486062049866 3
1745402979517 0.6922529339790344 4
1745402979575 0.692268431186676 5
1745402979635 0.6920516490936279 6
1745402979700 0.6917538046836853 7
1745402979780 0.6918322443962097 8
1745402979847 0.6917241215705872 9
1745402979908 0.6909826397895813 10
1745402979973 0.6911649703979492 11
1745402980035 0.6905655264854431 12
1745402980097 0.690392255783081 13
1745402980177 0.6898455023765564 14
1745402980244 0.690074622631073 15
1745402980352 0.6896964907646179 16
1745402980453 0.6902023553848267 17
1745402980521 0.6896304488182068 18
1745402980585 0.6889765858650208 19
1745402980650 0.6889575123786926 20
1745402980711 0.6884595155715942 21
1745402980768 0.6887767314910889 22
1745402980827 0.6889361143112183 23
