1744712054741 0.6932657361030579 0
1744712054754 0.6930420994758606 1
1744712054764 0.6928568482398987 2
1744712054775 0.6926426887512207 3
1744712054784 0.6924325227737427 4
1744712054793 0.6922447681427002 5
1744712054802 0.6920539140701294 6
1744712054812 0.6918997764587402 7
1744712054823 0.6917105913162231 8
1744712054832 0.6915238499641418 9
1744712054842 0.6912993788719177 10
1744712054852 0.6910861730575562 11
1744712054861 0.6908733248710632 12
1744712054872 0.690650224685669 13
1744712054881 0.6904420256614685 14
1744712054890 0.6902202367782593 15
1744712054901 0.6900787353515625 16
