1744711541505 0.6922235488891602 0
1744711541521 0.6914340853691101 1
1744711541530 0.6905487179756165 2
1744711541538 0.6899266839027405 3
1744711541554 0.6891776919364929 4
1744711541564 0.6887219548225403 5
1744711541572 0.6878858208656311 6
1744711541580 0.6872311234474182 7
1744711541590 0.6865001916885376 8
1744711541599 0.6857394576072693 9
1744711541607 0.6849623918533325 10
1744711541615 0.6841624975204468 11
1744711541624 0.6834069490432739 12
1744711541633 0.6824296712875366 13
1744711541643 0.6814199686050415 14
1744711541652 0.680476725101471 15
1744711541661 0.6797625422477722 16
1744711541670 0.6788362860679626 17
