1744881761718 0.4974619150161743 0
1744881761733 0.5888324975967407 1
1744881761746 0.5482233762741089 2
1744881761761 0.5685279369354248 3
1744881761775 0.5634517669677734 4
1744881761789 0.5634517669677734 5
1744881761803 0.5685279369354248 6
1744881761817 0.5634517669677734 7
1744881761831 0.5634517669677734 8
1744881761846 0.5634517669677734 9
1744881761860 0.5634517669677734 10
1744881761874 0.5634517669677734 11
1744881761894 0.5634517669677734 12
1744881761909 0.5634517669677734 13
1744881761926 0.5634517669677734 14
1744881761940 0.5685279369354248 15
1744881761954 0.5634517669677734 16
1744881761969 0.5634517669677734 17
1744881761983 0.5634517669677734 18
1744881761996 0.5634517669677734 19
