1743762937134 0.47826087474823 0
1743762937155 0.6086956262588501 1
1743762937175 0.5652173757553101 2
1743762937193 0.739130437374115 3
1743762937207 0.6521739363670349 4
1743762937221 0.695652186870575 5
1743762937235 0.6086956262588501 6
1743762937249 0.6086956262588501 7
1743762937264 0.695652186870575 8
1743762937278 0.6521739363670349 9
1743762937293 0.5652173757553101 10
1743762937308 0.695652186870575 11
1743762937322 0.739130437374115 12
1743762937336 0.6521739363670349 13
1743762937352 0.695652186870575 14
