1744400752275 0.684690535068512 0
1744400752284 0.6598233580589294 1
1744400752292 0.6503917574882507 2
1744400752301 0.6465332508087158 3
1744400752309 0.6530488729476929 4
1744400752319 0.6494342684745789 5
1744400752328 0.642059862613678 6
1744400752337 0.6398003697395325 7
1744400752346 0.6405856609344482 8
1744400752354 0.6343411803245544 9
1744400752363 0.6329134106636047 10
1744400752372 0.6296203136444092 11
1744400752381 0.6264685988426208 12
1744400752390 0.6191856265068054 13
1744400752399 0.612973153591156 14
1744400752407 0.6143636703491211 15
1744400752416 0.6067280769348145 16
1744400752425 0.6135432124137878 17
