1744400752271 0.546875 0
1744400752280 0.5989583134651184 1
1744400752288 0.65625 2
1744400752297 0.671875 3
1744400752305 0.6145833134651184 4
1744400752314 0.6614583134651184 5
1744400752323 0.6458333134651184 6
1744400752332 0.6458333134651184 7
1744400752341 0.65625 8
1744400752350 0.6510416865348816 9
1744400752359 0.6510416865348816 10
1744400752367 0.6875 11
1744400752376 0.6666666865348816 12
1744400752385 0.6666666865348816 13
1744400752395 0.6770833134651184 14
1744400752403 0.6770833134651184 15
1744400752412 0.6666666865348816 16
1744400752421 0.65625 17
