1744711980000 0.6936529278755188 0
1744711980010 0.6934170722961426 1
1744711980022 0.6932494044303894 2
1744711980038 0.6931142807006836 3
1744711980049 0.6929481625556946 4
1744711980070 0.6928110718727112 5
1744711980085 0.6926501393318176 6
1744711980095 0.6924924254417419 7
1744711980105 0.692334771156311 8
1744711980114 0.6921997666358948 9
1744711980124 0.692060649394989 10
1744711980133 0.6919284462928772 11
1744711980142 0.6918109059333801 12
1744711980150 0.6916393041610718 13
1744711980159 0.691508412361145 14
1744711980168 0.6913567781448364 15
1744711980177 0.691206157207489 16
1744711980186 0.6910754442214966 17
1744711980195 0.6909391283988953 18
1744711980204 0.6907873153686523 19
1744711980214 0.6906176805496216 20
