1744711979995 0.48730963468551636 0
1744711980005 0.5177664756774902 1
1744711980017 0.5025380849838257 2
1744711980029 0.5076141953468323 3
1744711980044 0.5025380849838257 4
1744711980060 0.5126903653144836 5
1744711980079 0.5329949259757996 6
1744711980090 0.5380710363388062 7
1744711980100 0.5431472063064575 8
1744711980110 0.5482233762741089 9
1744711980119 0.5532994866371155 10
1744711980128 0.5634517669677734 11
1744711980137 0.5634517669677734 12
1744711980146 0.5634517669677734 13
1744711980155 0.5685279369354248 14
1744711980164 0.5685279369354248 15
1744711980172 0.5736040472984314 16
1744711980182 0.5736040472984314 17
1744711980191 0.5685279369354248 18
1744711980200 0.5685279369354248 19
1744711980209 0.5736040472984314 20
