1744368358728 0.6935820579528809 0
1744368358738 0.6931808590888977 1
1744368358757 0.6935536861419678 2
1744368358768 0.6932314038276672 3
1744368358777 0.6927955150604248 4
1744368358795 0.6926957368850708 5
1744368358809 0.692409873008728 6
1744368358819 0.6917083859443665 7
1744368358829 0.6923238039016724 8
1744368358838 0.6921319365501404 9
1744368358848 0.6923615336418152 10
1744368358857 0.692524254322052 11
1744368358867 0.6917644143104553 12
1744368358877 0.6921000480651855 13
1744368358886 0.6915922164916992 14
1744368358895 0.6913065910339355 15
1744368358904 0.6910462379455566 16
1744368358913 0.6909003257751465 17
