1744368358721 0.49238577485084534 0
1744368358734 0.5431472063064575 1
1744368358744 0.49238577485084534 2
1744368358763 0.4974619150161743 3
1744368358773 0.5126903653144836 4
1744368358789 0.5380710363388062 5
1744368358804 0.5431472063064575 6
1744368358814 0.5736040472984314 7
1744368358824 0.5228426456451416 8
1744368358833 0.5837563276290894 9
1744368358843 0.5177664756774902 10
1744368358853 0.5279187560081482 11
1744368358862 0.5431472063064575 12
1744368358872 0.5532994866371155 13
1744368358881 0.5837563276290894 14
1744368358890 0.5634517669677734 15
1744368358900 0.5634517669677734 16
1744368358908 0.5685279369354248 17
