1744886494760 0.48469388484954834 0
1744886494791 0.581632673740387 1
1744886494802 0.581632673740387 2
1744886494820 0.5867347121238708 3
1744886494833 0.5867347121238708 4
1744886494852 0.5867347121238708 5
1744886494871 0.5867347121238708 6
1744886494882 0.5867347121238708 7
1744886494898 0.5867347121238708 8
1744886494915 0.5867347121238708 9
1744886494928 0.5867347121238708 10
1744886494938 0.5867347121238708 11
1744886494948 0.5918367505073547 12
1744886494957 0.5867347121238708 13
1744886494973 0.581632673740387 14
1744886494985 0.581632673740387 15
1744886494995 0.5918367505073547 16
1744886495005 0.5969387888908386 17
1744886495019 0.6020408272743225 18
1744886495032 0.6173469424247742 19
