1744279357156 0.5714285969734192 0
1744279357175 0.5612244606018066 1
1744279357186 0.5510203838348389 2
1744279357195 0.5357142686843872 3
1744279357205 0.5357142686843872 4
1744279357217 0.5561224222183228 5
1744279357228 0.5357142686843872 6
1744279357239 0.5714285969734192 7
1744279357250 0.5510203838348389 8
1744279357259 0.5561224222183228 9
1744279357269 0.5612244606018066 10
1744279357280 0.5561224222183228 11
1744279357290 0.5255101919174194 12
1744279357301 0.5561224222183228 13
1744279357311 0.5765306353569031 14
1744279357322 0.5714285969734192 15
1744279357336 0.545918345451355 16
1744279357346 0.5561224222183228 17
1744279357357 0.5867347121238708 18
1744279357366 0.581632673740387 19
1744279357377 0.5714285969734192 20
1744279357387 0.5714285969734192 21
1744279357397 0.5765306353569031 22
1744279357407 0.5510203838348389 23
1744279357417 0.581632673740387 24
1744279357427 0.5510203838348389 25
1744279357437 0.5663265585899353 26
