1744279357170 0.6930251717567444 0
1744279357181 0.6873613595962524 1
1744279357191 0.684962272644043 2
1744279357200 0.6918478012084961 3
1744279357212 0.6949987411499023 4
1744279357223 0.6890274882316589 5
1744279357234 0.6969956159591675 6
1744279357244 0.6888055801391602 7
1744279357254 0.6817197203636169 8
1744279357264 0.6893419623374939 9
1744279357274 0.6864815354347229 10
1744279357285 0.6839345097541809 11
1744279357295 0.6828058958053589 12
1744279357306 0.6790654063224792 13
1744279357316 0.6833270192146301 14
1744279357328 0.6758971810340881 15
1744279357342 0.6881150007247925 16
1744279357352 0.6809616684913635 17
1744279357361 0.6733009815216064 18
1744279357372 0.6762067079544067 19
1744279357382 0.6856201887130737 20
1744279357392 0.6755734086036682 21
1744279357401 0.6806090474128723 22
1744279357412 0.6784982681274414 23
1744279357422 0.6802904009819031 24
1744279357432 0.6911725997924805 25
1744279357442 0.6793337464332581 26
