1744886878604 0.6920514702796936 0
1744886878628 0.6897066235542297 1
1744886878642 0.6891320943832397 2
1744886878656 0.6884313821792603 3
1744886878666 0.6875215768814087 4
1744886878682 0.6853581666946411 5
1744886878697 0.6851549744606018 6
1744886878710 0.6836921572685242 7
1744886878725 0.682533323764801 8
1744886878740 0.6808487772941589 9
1744886878753 0.6796483397483826 10
1744886878769 0.6798825860023499 11
1744886878783 0.6773079037666321 12
1744886878793 0.6759706735610962 13
1744886878802 0.675324559211731 14
1744886878811 0.6732677817344666 15
1744886878822 0.6733459234237671 16
1744886878832 0.6718899607658386 17
1744886878841 0.6719711422920227 18
