1744882226556 0.46700507402420044 0
1744882226574 0.5380710363388062 1
1744882226590 0.5532994866371155 2
1744882226607 0.5888324975967407 3
1744882226623 0.5583756566047668 4
1744882226637 0.5837563276290894 5
1744882226649 0.5837563276290894 6
1744882226662 0.5786802172660828 7
1744882226675 0.5583756566047668 8
1744882226688 0.5634517669677734 9
1744882226701 0.5736040472984314 10
1744882226713 0.5634517669677734 11
1744882226726 0.5786802172660828 12
1744882226741 0.5685279369354248 13
1744882226762 0.5736040472984314 14
1744882226778 0.5634517669677734 15
1744882226802 0.5634517669677734 16
1744882226828 0.5685279369354248 17
1744882226851 0.5583756566047668 18
1744882226877 0.5685279369354248 19
1744882226904 0.5736040472984314 20
1744882226926 0.5888324975967407 21
