1744397449982 0.46192893385887146 0
1744397449997 0.6345177888870239 1
1744397450011 0.5583756566047668 2
1744397450023 0.5685279369354248 3
1744397450038 0.5888324975967407 4
1744397450050 0.5888324975967407 5
1744397450061 0.5736040472984314 6
1744397450071 0.5837563276290894 7
1744397450081 0.5736040472984314 8
1744397450092 0.5939086079597473 9
1744397450102 0.5685279369354248 10
1744397450113 0.5837563276290894 11
1744397450123 0.5736040472984314 12
1744397450134 0.5837563276290894 13
1744397450145 0.5939086079597473 14
1744397450156 0.5786802172660828 15
1744397450167 0.5786802172660828 16
1744397450177 0.5685279369354248 17
1744397450187 0.5634517669677734 18
1744397450198 0.5786802172660828 19
1744397450211 0.5685279369354248 20
1744397450221 0.5736040472984314 21
