1744397449988 0.6927168965339661 0
1744397450002 0.6908861398696899 1
1744397450018 0.6919715404510498 2
1744397450028 0.6913087964057922 3
1744397450045 0.6903359889984131 4
1744397450056 0.6895888447761536 5
1744397450066 0.6888781189918518 6
1744397450076 0.6883679628372192 7
1744397450086 0.6878470778465271 8
1744397450097 0.6875776648521423 9
1744397450108 0.6873083710670471 10
1744397450118 0.6867979168891907 11
1744397450129 0.6863076686859131 12
1744397450139 0.685224175453186 13
1744397450150 0.6852821111679077 14
1744397450162 0.6858402490615845 15
1744397450172 0.6845415830612183 16
1744397450182 0.683896005153656 17
1744397450192 0.6845674514770508 18
1744397450205 0.6833077073097229 19
1744397450216 0.6817029118537903 20
1744397450226 0.6823874711990356 21
