1744886705353 0.6920590400695801 0
1744886705374 0.6862829327583313 1
1744886705387 0.6816716194152832 2
1744886705401 0.6748059391975403 3
1744886705414 0.6689966917037964 4
1744886705428 0.6652915477752686 5
1744886705441 0.6619508862495422 6
1744886705455 0.6582160592079163 7
1744886705466 0.6567668318748474 8
1744886705476 0.654191255569458 9
1744886705485 0.6533160209655762 10
1744886705496 0.6493147015571594 11
1744886705507 0.6560325622558594 12
1744886705518 0.6510062217712402 13
1744886705528 0.6529896855354309 14
1744886705537 0.65111243724823 15
1744886705547 0.6521772146224976 16
1744886705556 0.646294891834259 17
1744886705566 0.6477208137512207 18
