1744886705337 0.5408163070678711 0
1744886705360 0.5867347121238708 1
1744886705380 0.5867347121238708 2
1744886705394 0.6020408272743225 3
1744886705408 0.5969387888908386 4
1744886705422 0.6020408272743225 5
1744886705435 0.6122449040412903 6
1744886705450 0.5918367505073547 7
1744886705460 0.5969387888908386 8
1744886705471 0.5765306353569031 9
1744886705480 0.6122449040412903 10
1744886705491 0.6122449040412903 11
1744886705501 0.6071428656578064 12
1744886705512 0.5867347121238708 13
1744886705522 0.5867347121238708 14
1744886705532 0.5918367505073547 15
1744886705542 0.6071428656578064 16
1744886705552 0.6224489808082581 17
1744886705561 0.5867347121238708 18
