1744882010399 0.4568527936935425 0
1744882010413 0.5786802172660828 1
1744882010427 0.6142131686210632 2
1744882010442 0.6091370582580566 3
1744882010454 0.6192893385887146 4
1744882010468 0.6040608882904053 5
1744882010480 0.6345177888870239 6
1744882010493 0.6192893385887146 7
1744882010507 0.6395938992500305 8
1744882010519 0.624365508556366 9
1744882010532 0.6294416189193726 10
1744882010544 0.6294416189193726 11
1744882010557 0.6345177888870239 12
1744882010570 0.624365508556366 13
1744882010583 0.6192893385887146 14
1744882010595 0.6192893385887146 15
1744882010607 0.6192893385887146 16
1744882010620 0.6192893385887146 17
1744882010633 0.6294416189193726 18
1744882010645 0.6294416189193726 19
1744882010658 0.6294416189193726 20
1744882010671 0.6294416189193726 21
1744882010684 0.6345177888870239 22
1744882010697 0.6294416189193726 23
1744882010710 0.6395938992500305 24
1744882010723 0.6395938992500305 25
1744882010735 0.6446700692176819 26
1744882010748 0.6395938992500305 27
1744882010760 0.6395938992500305 28
1744882010774 0.6497461795806885 29
