1744882010406 0.6935267448425293 0
1744882010420 0.6925211548805237 1
1744882010436 0.6913295984268188 2
1744882010448 0.6902455687522888 3
1744882010461 0.6890777945518494 4
1744882010474 0.6876611113548279 5
1744882010487 0.6859738826751709 6
1744882010500 0.6842380166053772 7
1744882010513 0.6812986731529236 8
1744882010526 0.678536593914032 9
1744882010538 0.675785481929779 10
1744882010551 0.6715824007987976 11
1744882010564 0.6695436835289001 12
1744882010576 0.6664866209030151 13
1744882010589 0.6637598276138306 14
1744882010601 0.6610410213470459 15
1744882010614 0.6581601500511169 16
1744882010626 0.6564772725105286 17
1744882010639 0.6536844372749329 18
1744882010651 0.6515213847160339 19
1744882010664 0.648918628692627 20
1744882010678 0.6470942497253418 21
1744882010690 0.6446549892425537 22
1744882010703 0.6436919569969177 23
1744882010716 0.6395017504692078 24
1744882010729 0.6376906037330627 25
1744882010741 0.6366379857063293 26
1744882010754 0.634523868560791 27
1744882010767 0.6332172155380249 28
1744882010787 0.6314681172370911 29
