1744279828715 0.4642857015132904 0
1744279828726 0.44387754797935486 1
1744279828738 0.5 2
1744279828749 0.5357142686843872 3
1744279828759 0.47448980808258057 4
1744279828770 0.5 5
1744279828781 0.5102040767669678 6
1744279828791 0.5 7
1744279828802 0.5765306353569031 8
1744279828812 0.5663265585899353 9
1744279828823 0.5255101919174194 10
1744279828833 0.5714285969734192 11
1744279828844 0.581632673740387 12
1744279828855 0.545918345451355 13
1744279828866 0.5969387888908386 14
1744279828876 0.5510203838348389 15
1744279828887 0.5612244606018066 16
1744279828898 0.5255101919174194 17
1744279828909 0.5153061151504517 18
1744279828919 0.6122449040412903 19
1744279828930 0.581632673740387 20
1744279828940 0.545918345451355 21
1744279828951 0.545918345451355 22
1744279828962 0.5561224222183228 23
1744279828973 0.5714285969734192 24
1744279828984 0.5969387888908386 25
1744279828995 0.5663265585899353 26
1744279829006 0.581632673740387 27
