1744279828721 0.7538325786590576 0
1744279828731 0.7247416377067566 1
1744279828743 0.7079657912254333 2
1744279828754 0.6952714920043945 3
1744279828765 0.7051190137863159 4
1744279828775 0.6975125670433044 5
1744279828786 0.6944137811660767 6
1744279828796 0.7031440138816833 7
1744279828807 0.6807149648666382 8
1744279828817 0.682898759841919 9
1744279828828 0.6888023018836975 10
1744279828838 0.6918612122535706 11
1744279828849 0.6812363266944885 12
1744279828860 0.669939398765564 13
1744279828871 0.6679549813270569 14
1744279828881 0.6820521354675293 15
1744279828892 0.6804509162902832 16
1744279828904 0.7034593820571899 17
1744279828914 0.6947570443153381 18
1744279828925 0.6669142842292786 19
1744279828935 0.6913029551506042 20
1744279828945 0.6897407174110413 21
1744279828957 0.6819164752960205 22
1744279828968 0.6755654215812683 23
1744279828978 0.6719828844070435 24
1744279828989 0.6709225177764893 25
1744279829000 0.6781741380691528 26
1744279829011 0.6680646538734436 27
