1744367808768 0.6937429904937744 0
1744367808778 0.6922466158866882 1
1744367808787 0.6912487149238586 2
1744367808795 0.689768373966217 3
1744367808806 0.6895394325256348 4
1744367808815 0.6882143616676331 5
1744367808823 0.6872881650924683 6
1744367808832 0.6874651312828064 7
1744367808842 0.6859399080276489 8
1744367808850 0.6842629909515381 9
1744367808859 0.6844239234924316 10
1744367808867 0.6822888255119324 11
1744367808875 0.6837052702903748 12
1744367808883 0.6816245317459106 13
1744367808891 0.680359423160553 14
1744367808899 0.6810532212257385 15
1744367808907 0.6803799271583557 16
1744367808914 0.6778682470321655 17
1744367808922 0.6785584092140198 18
1744367808929 0.6743167042732239 19
1744367808936 0.6738268733024597 20
1744367808944 0.6771929860115051 21
