1744397032085 0.6933919787406921 0
1744397032095 0.693071186542511 1
1744397032104 0.6939530968666077 2
1744397032112 0.6931712627410889 3
1744397032121 0.6931819319725037 4
1744397032130 0.693457305431366 5
1744397032138 0.6940569281578064 6
1744397032147 0.6926780939102173 7
1744397032156 0.6934897899627686 8
1744397032165 0.6919798851013184 9
1744397032179 0.6922105550765991 10
1744397032188 0.6931266784667969 11
1744397032197 0.6928982138633728 12
1744397032205 0.6921929121017456 13
1744397032214 0.6924159526824951 14
1744397032222 0.6922194361686707 15
1744397032231 0.6916955709457397 16
1744397032239 0.691698431968689 17
1744397032248 0.6911693215370178 18
1744397032256 0.6921079754829407 19
1744397032264 0.6919019818305969 20
1744397032273 0.6914857029914856 21
1744397032282 0.6912370920181274 22
1744397032291 0.6918768882751465 23
1744397032299 0.6906406283378601 24
1744397032308 0.6909812688827515 25
1744397032316 0.6915810704231262 26
1744397032325 0.6915867924690247 27
1744397032334 0.6910929679870605 28
1744397032342 0.6909769177436829 29
