1744279560322 0.5408163070678711 0
1744279560338 0.6122449040412903 1
1744279560351 0.5255101919174194 2
1744279560364 0.5663265585899353 3
1744279560377 0.5255101919174194 4
1744279560389 0.5612244606018066 5
1744279560402 0.5612244606018066 6
1744279560414 0.5714285969734192 7
1744279560426 0.5663265585899353 8
1744279560438 0.6071428656578064 9
1744279560452 0.6071428656578064 10
1744279560464 0.5867347121238708 11
1744279560476 0.5612244606018066 12
1744279560488 0.6071428656578064 13
1744279560500 0.545918345451355 14
1744279560512 0.545918345451355 15
1744279560524 0.581632673740387 16
1744279560536 0.5969387888908386 17
