1744279560329 0.6948865652084351 0
1744279560345 0.687605619430542 1
1744279560357 0.6835063099861145 2
1744279560370 0.6807102560997009 3
1744279560383 0.6893883347511292 4
1744279560395 0.6803156733512878 5
1744279560408 0.6777567863464355 6
1744279560420 0.6807337403297424 7
1744279560432 0.680000364780426 8
1744279560445 0.6753942370414734 9
1744279560458 0.6754658818244934 10
1744279560470 0.6759909987449646 11
1744279560482 0.6733306050300598 12
1744279560494 0.6689442992210388 13
1744279560506 0.6773428916931152 14
1744279560518 0.6664258241653442 15
1744279560530 0.6715654134750366 16
1744279560542 0.6693969368934631 17
