1744397613895 0.6938592791557312 0
1744397613910 0.6930384039878845 1
1744397613928 0.6935205459594727 2
1744397613942 0.6930357813835144 3
1744397613960 0.6924495100975037 4
1744397613975 0.6927067041397095 5
1744397613990 0.6922371983528137 6
1744397614006 0.6919258236885071 7
1744397614018 0.6916819214820862 8
1744397614031 0.6914246082305908 9
1744397614042 0.6915216445922852 10
1744397614053 0.6912798285484314 11
1744397614064 0.6912251710891724 12
1744397614075 0.6906066536903381 13
1744397614085 0.6906696557998657 14
1744397614094 0.6903621554374695 15
1744397614104 0.6907181143760681 16
1744397614114 0.6897522807121277 17
1744397614124 0.6897076964378357 18
1744397614133 0.6895627379417419 19
1744397614143 0.6896367073059082 20
