1744367783551 0.6919886469841003 0
1744367783574 0.6911659836769104 1
1744367783589 0.6900502443313599 2
1744367783599 0.6891120672225952 3
1744367783609 0.6889252066612244 4
1744367783619 0.6884949803352356 5
1744367783629 0.6866002082824707 6
1744367783638 0.6866024136543274 7
1744367783646 0.6857803463935852 8
1744367783655 0.6855275630950928 9
1744367783668 0.6856269836425781 10
1744367783679 0.6839255690574646 11
1744367783688 0.6835623979568481 12
1744367783698 0.6823976039886475 13
1744367783707 0.682640552520752 14
