1744367783543 0.4974619150161743 0
1744367783558 0.5634517669677734 1
1744367783583 0.5583756566047668 2
1744367783593 0.5583756566047668 3
1744367783604 0.5736040472984314 4
1744367783614 0.5634517669677734 5
1744367783624 0.5685279369354248 6
1744367783633 0.5482233762741089 7
1744367783642 0.5634517669677734 8
1744367783650 0.5583756566047668 9
1744367783663 0.5431472063064575 10
1744367783673 0.5634517669677734 11
1744367783684 0.5685279369354248 12
1744367783693 0.5837563276290894 13
1744367783702 0.5583756566047668 14
