1744402013471 0.7007080912590027 0
1744402013487 0.6812264919281006 1
1744402013502 0.6617145538330078 2
1744402013519 0.6765661239624023 3
1744402013533 0.6479586362838745 4
1744402013547 0.6262250542640686 5
1744402013559 0.6244082450866699 6
1744402013571 0.6627327799797058 7
1744402013583 0.6497929692268372 8
1744402013595 0.6267239451408386 9
1744402013606 0.6391844153404236 10
1744402013617 0.5868520140647888 11
1744402013629 0.6034848093986511 12
1744402013640 0.6018597483634949 13
1744402013651 0.6036767959594727 14
