1744367578062 0.6936145424842834 0
1744367578070 0.6923086643218994 1
1744367578078 0.692658007144928 2
1744367578085 0.6912809014320374 3
1744367578094 0.6908579468727112 4
1744367578103 0.6910961866378784 5
1744367578111 0.6901721954345703 6
1744367578119 0.6894763112068176 7
1744367578127 0.689004123210907 8
1744367578135 0.6888616681098938 9
1744367578142 0.6884562969207764 10
1744367578150 0.6877691745758057 11
1744367578157 0.6861844062805176 12
1744367578165 0.6861412525177002 13
1744367578172 0.6839755773544312 14
1744367578179 0.6843773722648621 15
1744367578187 0.684134840965271 16
1744367578197 0.6826989650726318 17
1744367578205 0.6820791959762573 18
1744367578212 0.6811911463737488 19
1744367578223 0.6796321868896484 20
1744367578231 0.6799346804618835 21
1744367578239 0.679108202457428 22
