1744367578058 0.4974619150161743 0
1744367578066 0.6040608882904053 1
1744367578074 0.5431472063064575 2
1744367578082 0.5634517669677734 3
1744367578090 0.5634517669677734 4
1744367578099 0.5482233762741089 5
1744367578107 0.5634517669677734 6
1744367578115 0.5685279369354248 7
1744367578123 0.5634517669677734 8
1744367578131 0.5583756566047668 9
1744367578138 0.5685279369354248 10
1744367578146 0.5736040472984314 11
1744367578154 0.5736040472984314 12
1744367578161 0.5736040472984314 13
1744367578168 0.5634517669677734 14
1744367578175 0.5736040472984314 15
1744367578183 0.5583756566047668 16
1744367578193 0.5736040472984314 17
1744367578201 0.5583756566047668 18
1744367578209 0.5634517669677734 19
1744367578219 0.5634517669677734 20
1744367578227 0.5634517669677734 21
1744367578235 0.5634517669677734 22
