1744282117246 0.7271281480789185 0
1744282117265 0.7120701670646667 1
1744282117280 0.6778578758239746 2
1744282117301 0.6870010495185852 3
1744282117315 0.6870419979095459 4
1744282117329 0.6825642585754395 5
1744282117344 0.6714139580726624 6
1744282117358 0.6877012252807617 7
1744282117372 0.6728312373161316 8
1744282117384 0.6766508221626282 9
1744282117396 0.6827099323272705 10
1744282117409 0.6682237386703491 11
1744282117422 0.668854296207428 12
1744282117434 0.6626024842262268 13
1744282117446 0.6908171772956848 14
1744282117458 0.6694539785385132 15
1744282117471 0.6791470050811768 16
1744282117482 0.6746599078178406 17
1744282117496 0.6635016798973083 18
