1744886026491 0.6914381980895996 0
1744886026501 0.689833402633667 1
1744886026513 0.6884341239929199 2
1744886026523 0.6871351003646851 3
1744886026533 0.6858888864517212 4
1744886026541 0.6847100257873535 5
1744886026551 0.6832705736160278 6
1744886026559 0.6817749738693237 7
1744886026568 0.6804760694503784 8
1744886026577 0.678862452507019 9
1744886026585 0.677088737487793 10
1744886026594 0.6754114031791687 11
1744886026603 0.6731188893318176 12
1744886026612 0.6710197925567627 13
1744886026620 0.6695464849472046 14
1744886026628 0.6672035455703735 15
1744886026639 0.665917158126831 16
1744886026650 0.6644189953804016 17
1744886026658 0.6629307866096497 18
1744886026667 0.6614959239959717 19
