1744400622750 0.6838212609291077 0
1744400622764 0.6726984977722168 1
1744400622777 0.6635270714759827 2
1744400622790 0.6582092046737671 3
1744400622803 0.6541936993598938 4
1744400622815 0.6489234566688538 5
1744400622828 0.6498304009437561 6
1744400622842 0.64568692445755 7
1744400622855 0.6406575441360474 8
1744400622868 0.6408774256706238 9
1744400622880 0.639782190322876 10
1744400622892 0.636742889881134 11
1744400622904 0.6357911229133606 12
1744400622916 0.633452832698822 13
1744400622928 0.6319069862365723 14
1744400623335 0.6327919363975525 15
1744400623346 0.62905353307724 16
