1744279880812 0.5255101919174194 0
1744279880825 0.5510203838348389 1
1744279880839 0.5357142686843872 2
1744279880849 0.5255101919174194 3
1744279880861 0.47448980808258057 4
1744279880871 0.5255101919174194 5
1744279880882 0.5204081535339355 6
1744279880892 0.5510203838348389 7
1744279880907 0.545918345451355 8
1744279880921 0.545918345451355 9
1744279880934 0.5510203838348389 10
1744279880947 0.5255101919174194 11
1744279880959 0.5612244606018066 12
1744279880970 0.581632673740387 13
1744279880983 0.581632673740387 14
1744279880995 0.5510203838348389 15
1744279881013 0.5510203838348389 16
1744279881026 0.581632673740387 17
1744279881041 0.5663265585899353 18
1744279881055 0.5408163070678711 19
1744279881068 0.5867347121238708 20
1744279881082 0.5561224222183228 21
1744279881094 0.5612244606018066 22
1744279881105 0.5765306353569031 23
1744279881118 0.5612244606018066 24
1744279881130 0.5663265585899353 25
1744279881142 0.5561224222183228 26
