1744279880818 0.6992887258529663 0
1744279880831 0.6929622292518616 1
1744279880844 0.6899623274803162 2
1744279880855 0.6914616823196411 3
1744279880866 0.7059000134468079 4
1744279880876 0.6940633654594421 5
1744279880887 0.6997200846672058 6
1744279880899 0.6859002113342285 7
1744279880914 0.695735514163971 8
1744279880927 0.6855328679084778 9
1744279880940 0.6857836842536926 10
1744279880953 0.6794799566268921 11
1744279880964 0.6790177226066589 12
1744279880976 0.6809470653533936 13
1744279880989 0.6813404560089111 14
1744279881003 0.6843822002410889 15
1744279881020 0.6901708841323853 16
1744279881034 0.6841105222702026 17
1744279881048 0.6752705574035645 18
1744279881061 0.6827052235603333 19
1744279881075 0.6701640486717224 20
1744279881088 0.6791189312934875 21
1744279881100 0.6776909828186035 22
1744279881111 0.6655882000923157 23
1744279881124 0.679133951663971 24
1744279881136 0.6796035766601562 25
1744279881148 0.6718552112579346 26
