1744886958877 0.6936200261116028 0
1744886958888 0.6900328993797302 1
1744886958899 0.6880240440368652 2
1744886958910 0.687152624130249 3
1744886958921 0.6845932006835938 4
1744886958932 0.6827101707458496 5
1744886958945 0.6799997687339783 6
1744886958958 0.6780864000320435 7
1744886958973 0.6748265624046326 8
1744886958987 0.6720669269561768 9
1744886959001 0.6709380745887756 10
1744886959017 0.6685789227485657 11
1744886959035 0.6670233011245728 12
1744886959050 0.6645119190216064 13
1744886959067 0.6627736687660217 14
1744886959084 0.6631573438644409 15
1744886959094 0.660173773765564 16
1744886959103 0.6593201160430908 17
1744886959112 0.6572644114494324 18
