1744886958870 0.47959184646606445 0
1744886958882 0.6326530575752258 1
1744886958894 0.5765306353569031 2
1744886958905 0.5867347121238708 3
1744886958915 0.6173469424247742 4
1744886958927 0.6173469424247742 5
1744886958938 0.5918367505073547 6
1744886958952 0.6224489808082581 7
1744886958965 0.6173469424247742 8
1744886958980 0.6122449040412903 9
1744886958994 0.6071428656578064 10
1744886959010 0.6275510191917419 11
1744886959025 0.6224489808082581 12
1744886959042 0.6377550959587097 13
1744886959060 0.6173469424247742 14
1744886959076 0.6173469424247742 15
1744886959090 0.6071428656578064 16
1744886959098 0.6326530575752258 17
1744886959107 0.6479591727256775 18
