1744282509717 0.5408163070678711 0
1744282509728 0.5510203838348389 1
1744282509738 0.5510203838348389 2
1744282509749 0.5612244606018066 3
1744282509759 0.5204081535339355 4
1744282509769 0.5 5
1744282509781 0.4948979616165161 6
1744282509794 0.5612244606018066 7
1744282509807 0.545918345451355 8
1744282509818 0.5663265585899353 9
1744282509830 0.545918345451355 10
1744282509842 0.5357142686843872 11
1744282509852 0.5714285969734192 12
1744282509863 0.5255101919174194 13
1744282509873 0.5408163070678711 14
1744282509883 0.545918345451355 15
1744282509892 0.5663265585899353 16
1744282509903 0.5510203838348389 17
1744282509913 0.5357142686843872 18
1744282509924 0.5153061151504517 19
1744282509935 0.4948979616165161 20
1744282509945 0.5561224222183228 21
1744282509955 0.5255101919174194 22
1744282509966 0.5510203838348389 23
