1744282509722 0.6987404227256775 0
1744282509733 0.6994105577468872 1
1744282509744 0.698393702507019 2
1744282509754 0.6840294003486633 3
1744282509764 0.7003629207611084 4
1744282509775 0.6897735595703125 5
1744282509787 0.7035183310508728 6
1744282509800 0.7020851969718933 7
1744282509813 0.6832261085510254 8
1744282509824 0.6916229724884033 9
1744282509836 0.6956474781036377 10
1744282509847 0.7017742991447449 11
1744282509858 0.697657585144043 12
1744282509868 0.6977097392082214 13
1744282509878 0.6901150941848755 14
1744282509887 0.6928016543388367 15
1744282509898 0.6966816782951355 16
1744282509908 0.6967235207557678 17
1744282509918 0.6932432055473328 18
1744282509929 0.7019150257110596 19
1744282509940 0.7036473155021667 20
1744282509950 0.684999406337738 21
1744282509961 0.6913169622421265 22
1744282509971 0.6946991086006165 23
