1744401467266 0.7217745780944824 0
1744401467276 0.6957404017448425 1
1744401467287 0.6957693099975586 2
1744401467298 0.7013905644416809 3
1744401467309 0.6799676418304443 4
1744401467320 0.6975354552268982 5
1744401467335 0.6662185192108154 6
1744401467346 0.6926282048225403 7
1744401467357 0.6533557176589966 8
1744401467368 0.6597403287887573 9
1744401467379 0.6834173798561096 10
1744401467390 0.656097948551178 11
1744401467400 0.6675441861152649 12
1744401467411 0.6632691025733948 13
1744401467422 0.6354860067367554 14
1744401467433 0.621944785118103 15
1744401467444 0.6501608490943909 16
1744401467455 0.6443997621536255 17
1744401467465 0.6519598960876465 18
1744401467480 0.6297012567520142 19
1744401467490 0.6532055735588074 20
1744401467501 0.6515900492668152 21
1744401467513 0.6402284502983093 22
