1744401467261 0.53125 0
1744401467271 0.5052083134651184 1
1744401467282 0.5416666865348816 2
1744401467293 0.5572916865348816 3
1744401467304 0.578125 4
1744401467315 0.546875 5
1744401467330 0.5729166865348816 6
1744401467341 0.5416666865348816 7
1744401467352 0.6354166865348816 8
1744401467363 0.5989583134651184 9
1744401467374 0.5416666865348816 10
1744401467384 0.609375 11
1744401467395 0.6145833134651184 12
1744401467406 0.5833333134651184 13
1744401467417 0.5989583134651184 14
1744401467428 0.6666666865348816 15
1744401467439 0.5885416865348816 16
1744401467450 0.6666666865348816 17
1744401467460 0.625 18
1744401467474 0.6302083134651184 19
1744401467485 0.609375 20
1744401467496 0.6302083134651184 21
1744401467507 0.6510416865348816 22
