1744886144777 0.48469388484954834 0
1744886144786 0.5969387888908386 1
1744886144794 0.545918345451355 2
1744886144802 0.5663265585899353 3
1744886144810 0.5969387888908386 4
1744886144818 0.5969387888908386 5
1744886144826 0.6020408272743225 6
1744886144834 0.5765306353569031 7
1744886144843 0.6122449040412903 8
1744886144851 0.5918367505073547 9
1744886144860 0.5867347121238708 10
1744886144869 0.5765306353569031 11
1744886144876 0.6071428656578064 12
1744886144885 0.5969387888908386 13
1744886144893 0.5867347121238708 14
1744886144901 0.5969387888908386 15
1744886144909 0.6122449040412903 16
1744886144916 0.6122449040412903 17
1744886144924 0.6173469424247742 18
1744886144932 0.5918367505073547 19
1744886144939 0.6275510191917419 20
1744886144947 0.5969387888908386 21
1744886144955 0.6122449040412903 22
1744886144963 0.6326530575752258 23
1744886144971 0.5918367505073547 24
1744886144995 0.6173469424247742 25
1744886145004 0.6020408272743225 26
1744886145012 0.6326530575752258 27
1744886145020 0.6020408272743225 28
1744886145028 0.6071428656578064 29
