1744886144781 0.6923873424530029 0
1744886144790 0.6892868280410767 1
1744886144798 0.685784637928009 2
1744886144806 0.6820070743560791 3
1744886144814 0.678611159324646 4
1744886144822 0.6737509965896606 5
1744886144830 0.6718447208404541 6
1744886144839 0.6689527034759521 7
1744886144847 0.6636593341827393 8
1744886144856 0.6619993448257446 9
1744886144865 0.6585286855697632 10
1744886144873 0.6570937633514404 11
1744886144881 0.6575620174407959 12
1744886144889 0.6510176658630371 13
1744886144897 0.651953935623169 14
1744886144904 0.6524717807769775 15
1744886144912 0.6543399095535278 16
1744886144920 0.6505041718482971 17
1744886144928 0.6492632031440735 18
1744886144935 0.6507192254066467 19
1744886144944 0.645420253276825 20
1744886144951 0.6491181254386902 21
1744886144959 0.6484931111335754 22
1744886144967 0.6476587057113647 23
1744886144975 0.6460425853729248 24
1744886145000 0.6451941132545471 25
1744886145008 0.645840048789978 26
1744886145016 0.6424328088760376 27
1744886145024 0.6401771903038025 28
1744886145032 0.6454148888587952 29
