1744882027505 0.6930851936340332 0
1744882027520 0.6927667856216431 1
1744882027534 0.692454993724823 2
1744882027547 0.6922770738601685 3
1744882027560 0.6920934915542603 4
1744882027574 0.6919330954551697 5
1744882027594 0.6916999816894531 6
1744882027609 0.6915069222450256 7
1744882027626 0.691281795501709 8
1744882027641 0.6911085247993469 9
1744882027657 0.690828800201416 10
1744882027672 0.6906114220619202 11
1744882027687 0.6904107928276062 12
1744882027702 0.6901825070381165 13
1744882027717 0.6899391412734985 14
1744882027731 0.6896796226501465 15
1744882027745 0.6893944144248962 16
1744882027761 0.6891487836837769 17
1744882027775 0.6888965368270874 18
1744882027790 0.6887407898902893 19
