1744882027498 0.5329949259757996 0
1744882027513 0.5736040472984314 1
1744882027527 0.5736040472984314 2
1744882027541 0.5685279369354248 3
1744882027554 0.5634517669677734 4
1744882027567 0.5634517669677734 5
1744882027587 0.5634517669677734 6
1744882027602 0.5634517669677734 7
1744882027616 0.5634517669677734 8
1744882027634 0.5634517669677734 9
1744882027648 0.5634517669677734 10
1744882027665 0.5634517669677734 11
1744882027679 0.5634517669677734 12
1744882027694 0.5634517669677734 13
1744882027709 0.5634517669677734 14
1744882027724 0.5634517669677734 15
1744882027738 0.5634517669677734 16
1744882027753 0.5634517669677734 17
1744882027768 0.5634517669677734 18
1744882027783 0.5634517669677734 19
