1744401694686 0.7058775424957275 0
1744401694697 0.6864034533500671 1
1744401694725 0.6826526522636414 2
1744401694736 0.6709680557250977 3
1744401694747 0.6622910499572754 4
1744401694758 0.6532479524612427 5
1744401694769 0.6433531045913696 6
1744401694781 0.641650915145874 7
1744401694791 0.6449586153030396 8
1744401694802 0.6361247301101685 9
1744401694813 0.6304408311843872 10
1744401694823 0.6308806538581848 11
1744401694834 0.6368203163146973 12
1744401694844 0.6291351914405823 13
1744401694855 0.6180887222290039 14
1744401694865 0.6305323839187622 15
1744401694875 0.6231960654258728 16
1744401694886 0.6264296174049377 17
1744401694898 0.6081405878067017 18
