1744886925560 0.6925477981567383 0
1744886925573 0.6876388192176819 1
1744886925582 0.6845180988311768 2
1744886925592 0.682212233543396 3
1744886925601 0.6792218089103699 4
1744886925613 0.6740484237670898 5
1744886925622 0.6709690690040588 6
1744886925631 0.6671602725982666 7
1744886925640 0.6645813584327698 8
1744886925648 0.661432147026062 9
1744886925659 0.6618412733078003 10
1744886925667 0.6608593463897705 11
1744886925676 0.6579126715660095 12
1744886925686 0.658606231212616 13
1744886925699 0.6589815020561218 14
1744886925709 0.6558569073677063 15
1744886925718 0.6535768508911133 16
1744886925727 0.6528303027153015 17
1744886925736 0.6500092148780823 18
1744886925745 0.6507319211959839 19
1744886925754 0.6518340706825256 20
1744886925779 0.6456779837608337 21
