1744886925554 0.5102040767669678 0
1744886925567 0.5663265585899353 1
1744886925578 0.5918367505073547 2
1744886925587 0.581632673740387 3
1744886925597 0.6071428656578064 4
1744886925608 0.5969387888908386 5
1744886925617 0.5867347121238708 6
1744886925626 0.5969387888908386 7
1744886925635 0.6020408272743225 8
1744886925644 0.6071428656578064 9
1744886925653 0.6020408272743225 10
1744886925663 0.5918367505073547 11
1744886925672 0.6020408272743225 12
1744886925681 0.5969387888908386 13
1744886925691 0.5969387888908386 14
1744886925704 0.6020408272743225 15
1744886925714 0.5918367505073547 16
1744886925723 0.6020408272743225 17
1744886925732 0.5969387888908386 18
1744886925741 0.6173469424247742 19
1744886925750 0.6020408272743225 20
1744886925771 0.6122449040412903 21
