1744886285641 0.5306122303009033 0
1744886285651 0.5663265585899353 1
1744886285663 0.5510203838348389 2
1744886285672 0.545918345451355 3
1744886285682 0.6020408272743225 4
1744886285691 0.6020408272743225 5
1744886285699 0.581632673740387 6
1744886285708 0.5918367505073547 7
1744886285716 0.5867347121238708 8
1744886285725 0.5969387888908386 9
1744886285733 0.5918367505073547 10
1744886285741 0.5969387888908386 11
1744886285749 0.6020408272743225 12
1744886285758 0.6020408272743225 13
1744886285767 0.5969387888908386 14
1744886285778 0.581632673740387 15
1744886285787 0.5867347121238708 16
1744886285796 0.5918367505073547 17
1744886285804 0.5918367505073547 18
1744886285811 0.6020408272743225 19
1744886285819 0.5918367505073547 20
