1744886285647 0.6925207376480103 0
1744886285656 0.6923032402992249 1
1744886285667 0.6922335028648376 2
1744886285677 0.691547691822052 3
1744886285687 0.6894426941871643 4
1744886285695 0.6892532110214233 5
1744886285703 0.6880988478660583 6
1744886285712 0.6873900890350342 7
1744886285721 0.6874921917915344 8
1744886285729 0.6860283017158508 9
1744886285737 0.6857778429985046 10
1744886285745 0.6844472289085388 11
1744886285753 0.6833810806274414 12
1744886285762 0.6820300221443176 13
1744886285772 0.6816325187683105 14
1744886285782 0.6812758445739746 15
1744886285791 0.6803507804870605 16
1744886285800 0.6787406802177429 17
1744886285808 0.6787092089653015 18
1744886285815 0.6758613586425781 19
1744886285823 0.6755560040473938 20
