1744712132619 0.6923198699951172 0
1744712132634 0.6918582320213318 1
1744712132642 0.6914047598838806 2
1744712132650 0.6910184025764465 3
1744712132658 0.6906071305274963 4
1744712132666 0.6901789903640747 5
1744712132674 0.6897391676902771 6
1744712132690 0.6893086433410645 7
1744712132699 0.6888859868049622 8
1744712132707 0.6883777379989624 9
1744712132716 0.6879779100418091 10
1744712132724 0.6875848770141602 11
1744712132732 0.6871241927146912 12
1744712132741 0.6866680383682251 13
1744712132749 0.6862850785255432 14
1744712132758 0.6856831312179565 15
1744712132767 0.685201108455658 16
1744712132775 0.6848315000534058 17
