1744279221997 0.5255101919174194 0
1744279222008 0.545918345451355 1
1744279222026 0.5204081535339355 2
1744279222037 0.5306122303009033 3
1744279222047 0.5561224222183228 4
1744279222057 0.5663265585899353 5
1744279222067 0.5357142686843872 6
1744279222077 0.5561224222183228 7
1744279222088 0.5204081535339355 8
1744279222097 0.5357142686843872 9
1744279222107 0.5255101919174194 10
1744279222118 0.545918345451355 11
1744279222127 0.5357142686843872 12
1744279222137 0.5510203838348389 13
1744279222147 0.5663265585899353 14
1744279222157 0.5408163070678711 15
1744279222167 0.5306122303009033 16
1744279222177 0.5663265585899353 17
1744279222187 0.5306122303009033 18
1744279222198 0.5867347121238708 19
1744279222208 0.5255101919174194 20
1744279222218 0.5663265585899353 21
1744279222228 0.5153061151504517 22
1744279222237 0.5510203838348389 23
1744279222246 0.5663265585899353 24
1744279222255 0.5357142686843872 25
1744279222266 0.5357142686843872 26
1744279222276 0.581632673740387 27
1744279222285 0.5255101919174194 28
1744279222295 0.5663265585899353 29
