1744886723093 0.6934788823127747 0
1744886723105 0.692596435546875 1
1744886723118 0.6919944882392883 2
1744886723127 0.6908594965934753 3
1744886723137 0.690416157245636 4
1744886723147 0.6899843811988831 5
1744886723157 0.689537763595581 6
1744886723165 0.6897105574607849 7
1744886723174 0.6886975169181824 8
1744886723181 0.6885512471199036 9
1744886723191 0.6873034238815308 10
1744886723200 0.6869109869003296 11
1744886723210 0.6865776181221008 12
1744886723219 0.6862979531288147 13
1744886723228 0.6851897835731506 14
1744886723237 0.6853336691856384 15
1744886723246 0.6840665936470032 16
1744886723256 0.6839583516120911 17
1744886723264 0.6822780966758728 18
1744886723273 0.6820358633995056 19
