1744886723088 0.48469388484954834 0
1744886723098 0.5306122303009033 1
1744886723112 0.5612244606018066 2
1744886723123 0.6071428656578064 3
1744886723132 0.5918367505073547 4
1744886723142 0.6122449040412903 5
1744886723152 0.5918367505073547 6
1744886723161 0.581632673740387 7
1744886723169 0.5612244606018066 8
1744886723177 0.581632673740387 9
1744886723186 0.6071428656578064 10
1744886723195 0.5918367505073547 11
1744886723204 0.5969387888908386 12
1744886723214 0.5867347121238708 13
1744886723223 0.6224489808082581 14
1744886723233 0.5918367505073547 15
1744886723242 0.5918367505073547 16
1744886723251 0.5918367505073547 17
1744886723260 0.5969387888908386 18
1744886723268 0.6020408272743225 19
