1744712385254 0.6926409006118774 0
1744712385271 0.6925555467605591 1
1744712385280 0.6918511390686035 2
1744712385289 0.6920976042747498 3
1744712385299 0.6920654773712158 4
1744712385308 0.691663384437561 5
1744712385316 0.6911765336990356 6
1744712385325 0.6910505890846252 7
1744712385334 0.6906634569168091 8
1744712385343 0.6908459067344666 9
1744712385355 0.6905928254127502 10
1744712385371 0.6909396052360535 11
1744712385410 0.6901776194572449 12
1744712385433 0.6903008222579956 13
1744712385450 0.6899386048316956 14
1744712385465 0.6888580918312073 15
1744712385479 0.6891604065895081 16
1744712385496 0.6893811821937561 17
1744712385508 0.6889342665672302 18
1744712385520 0.6889671683311462 19
1744712385532 0.6889027953147888 20
1744712385543 0.6886517405509949 21
1744712385552 0.6885251402854919 22
