1744886418452 0.6936327815055847 0
1744886418467 0.6931902766227722 1
1744886418493 0.6927192807197571 2
1744886418517 0.692223310470581 3
1744886418527 0.691875696182251 4
1744886418543 0.6913902759552002 5
1744886418555 0.6910211443901062 6
1744886418570 0.6906712055206299 7
1744886418580 0.6902445554733276 8
1744886418588 0.6899032592773438 9
1744886418599 0.6893965005874634 10
1744886418610 0.6888919472694397 11
1744886418620 0.6884275674819946 12
1744886418630 0.6879969835281372 13
1744886418639 0.687591016292572 14
1744886418650 0.6871406435966492 15
1744886418660 0.6866122484207153 16
1744886418670 0.6862146258354187 17
1744886418681 0.6857902407646179 18
1744886418692 0.6852623820304871 19
1744886418706 0.6849092841148376 20
1744886418718 0.6843083500862122 21
1744886418728 0.6838547587394714 22
1744886418738 0.6834231615066528 23
1744886418749 0.6830195188522339 24
1744886418758 0.682506263256073 25
