1744886418443 0.48469388484954834 0
1744886418459 0.581632673740387 1
1744886418477 0.581632673740387 2
1744886418508 0.5663265585899353 3
1744886418522 0.5714285969734192 4
1744886418534 0.5612244606018066 5
1744886418550 0.5561224222183228 6
1744886418565 0.5612244606018066 7
1744886418575 0.5561224222183228 8
1744886418584 0.5663265585899353 9
1744886418593 0.5612244606018066 10
1744886418605 0.5765306353569031 11
1744886418615 0.5765306353569031 12
1744886418625 0.5714285969734192 13
1744886418634 0.5663265585899353 14
1744886418645 0.5714285969734192 15
1744886418655 0.5663265585899353 16
1744886418666 0.5663265585899353 17
1744886418675 0.5714285969734192 18
1744886418687 0.5714285969734192 19
1744886418700 0.5714285969734192 20
1744886418712 0.5765306353569031 21
1744886418722 0.581632673740387 22
1744886418733 0.581632673740387 23
1744886418743 0.5867347121238708 24
1744886418754 0.5867347121238708 25
