1744279872516 0.6865937113761902 0
1744279872531 0.6892896294593811 1
1744279872544 0.6956573128700256 2
1744279872557 0.6820806264877319 3
1744279872571 0.6801872253417969 4
1744279872584 0.6799293160438538 5
1744279872597 0.6778439879417419 6
1744279872610 0.6876683235168457 7
1744279872625 0.6843925714492798 8
1744279872638 0.6867706775665283 9
1744279872651 0.6691767573356628 10
1744279872664 0.6803126335144043 11
1744279872676 0.673609733581543 12
1744279872689 0.6732663512229919 13
1744279872702 0.6745360493659973 14
1744279872714 0.6754119992256165 15
1744279872730 0.6792058348655701 16
1744279872743 0.6718916893005371 17
