1744279499910 0.7003669738769531 0
1744279499924 0.6914830803871155 1
1744279499937 0.7010135054588318 2
1744279499948 0.6929779648780823 3
1744279499960 0.6932812929153442 4
1744279499971 0.6851511001586914 5
1744279499982 0.6972226500511169 6
1744279500002 0.696405291557312 7
1744279500016 0.7137513160705566 8
1744279500027 0.7094405293464661 9
1744279500042 0.6925538778305054 10
1744279500055 0.6996635794639587 11
1744279500066 0.7094098329544067 12
1744279500078 0.6916913390159607 13
1744279500088 0.6956759691238403 14
1744279500099 0.686572790145874 15
1744279500110 0.6779680848121643 16
1744279500122 0.6841760873794556 17
1744279500133 0.702757716178894 18
1744279500145 0.6785284280776978 19
1744279500155 0.6827040910720825 20
