1744279499903 0.5255101919174194 0
1744279499918 0.5357142686843872 1
1744279499930 0.5204081535339355 2
1744279499942 0.5561224222183228 3
1744279499954 0.5051020383834839 4
1744279499965 0.5357142686843872 5
1744279499976 0.4948979616165161 6
1744279499995 0.5204081535339355 7
1744279500010 0.5561224222183228 8
1744279500022 0.5204081535339355 9
1744279500036 0.5510203838348389 10
1744279500047 0.5561224222183228 11
1744279500060 0.5153061151504517 12
1744279500072 0.5357142686843872 13
1744279500083 0.5357142686843872 14
1744279500094 0.5306122303009033 15
1744279500104 0.5408163070678711 16
1744279500116 0.5612244606018066 17
1744279500127 0.5102040767669678 18
1744279500139 0.5510203838348389 19
1744279500150 0.581632673740387 20
