1744712913497 0.691595733165741 0
1744712913513 0.6898317933082581 1
1744712913527 0.687798261642456 2
1744712913539 0.6865215301513672 3
1744712913552 0.6852464079856873 4
1744712913565 0.6834667921066284 5
1744712913576 0.6823697090148926 6
1744712913589 0.6811210513114929 7
1744712913601 0.6797270178794861 8
1744712913615 0.6784042119979858 9
1744712913630 0.6773876547813416 10
1744712913643 0.6763997077941895 11
1744712913656 0.6755688786506653 12
1744712913668 0.6748816967010498 13
1744712913682 0.6744693517684937 14
1744712913697 0.6736909747123718 15
1744712913710 0.673560380935669 16
1744712913723 0.673116147518158 17
1744712913738 0.6722870469093323 18
