1744712913490 0.5939086079597473 0
1744712913505 0.5634517669677734 1
1744712913519 0.5634517669677734 2
1744712913533 0.5583756566047668 3
1744712913546 0.5685279369354248 4
1744712913558 0.5736040472984314 5
1744712913571 0.5786802172660828 6
1744712913583 0.5786802172660828 7
1744712913595 0.5786802172660828 8
1744712913608 0.5786802172660828 9
1744712913622 0.5888324975967407 10
1744712913637 0.5786802172660828 11
1744712913649 0.5736040472984314 12
1744712913662 0.5736040472984314 13
1744712913675 0.5786802172660828 14
1744712913691 0.5837563276290894 15
1744712913704 0.5939086079597473 16
1744712913716 0.5939086079597473 17
1744712913731 0.5939086079597473 18
