1744281954044 0.45408162474632263 0
1744281954055 0.4285714328289032 1
1744281954064 0.44387754797935486 2
1744281954072 0.4183673560619354 3
1744281954081 0.44387754797935486 4
1744281954090 0.4642857015132904 5
1744281954100 0.4285714328289032 6
1744281954109 0.4234693944454193 7
1744281954119 0.4897959232330322 8
1744281954128 0.4591836631298065 9
1744281954136 0.44387754797935486 10
1744281954146 0.45408162474632263 11
1744281954154 0.47959184646606445 12
1744281954164 0.45408162474632263 13
1744281954173 0.44387754797935486 14
1744281954183 0.4897959232330322 15
1744281954191 0.4336734712123871 16
1744281954202 0.47448980808258057 17
1744281954211 0.5306122303009033 18
1744281954220 0.5102040767669678 19
1744281954229 0.47448980808258057 20
1744281954238 0.5153061151504517 21
1744281954246 0.4642857015132904 22
1744281954255 0.5102040767669678 23
1744281954264 0.4591836631298065 24
1744281954274 0.5102040767669678 25
1744281954283 0.43877550959587097 26
1744281954292 0.5051020383834839 27
1744281954302 0.5408163070678711 28
1744281954311 0.5408163070678711 29
