1744281954050 0.7482619285583496 0
1744281954059 0.7514691352844238 1
1744281954068 0.7474462389945984 2
1744281954077 0.7522381544113159 3
1744281954086 0.7304717302322388 4
1744281954094 0.722145676612854 5
1744281954104 0.7311323285102844 6
1744281954114 0.7253618240356445 7
1744281954123 0.7263715267181396 8
1744281954132 0.7227600812911987 9
1744281954141 0.7212846875190735 10
1744281954150 0.7105093002319336 11
1744281954158 0.7109618186950684 12
1744281954169 0.7029362916946411 13
1744281954178 0.7132769823074341 14
1744281954187 0.7010933756828308 15
1744281954196 0.7181010246276855 16
1744281954206 0.7111767530441284 17
1744281954215 0.6985085010528564 18
1744281954224 0.6936132311820984 19
1744281954233 0.7014976739883423 20
1744281954242 0.7023099064826965 21
1744281954250 0.7052153944969177 22
1744281954260 0.7018053531646729 23
1744281954270 0.7004780769348145 24
1744281954279 0.7028301954269409 25
1744281954288 0.7026664614677429 26
1744281954297 0.6911821365356445 27
1744281954306 0.6944732069969177 28
1744281954316 0.6943349838256836 29
