1744367775793 0.6932306289672852 0
1744367775809 0.6931347250938416 1
1744367775821 0.6930489540100098 2
1744367775831 0.6929666996002197 3
1744367775841 0.6928877234458923 4
1744367775851 0.6928107738494873 5
1744367775861 0.692736804485321 6
1744367775871 0.6926515102386475 7
1744367775888 0.6925796866416931 8
1744367775898 0.6924911141395569 9
1744367775934 0.6924141049385071 10
1744367775946 0.6923282742500305 11
1744367775956 0.6922248601913452 12
1744367775965 0.6921388506889343 13
1744367775974 0.6920496225357056 14
1744367775983 0.6919606924057007 15
1744367775992 0.6918877363204956 16
1744367776001 0.691764771938324 17
1744367776011 0.6916778683662415 18
1744367776020 0.6915938258171082 19
1744367776029 0.6915367841720581 20
1744367776039 0.6914594769477844 21
1744367776049 0.6914012432098389 22
1744367776059 0.6913013458251953 23
