1744367775785 0.49238577485084534 0
1744367775803 0.48730963468551636 1
1744367775815 0.5076141953468323 2
1744367775826 0.5482233762741089 3
1744367775836 0.5634517669677734 4
1744367775846 0.5685279369354248 5
1744367775856 0.5532994866371155 6
1744367775867 0.5482233762741089 7
1744367775876 0.5583756566047668 8
1744367775893 0.5736040472984314 9
1744367775903 0.5786802172660828 10
1744367775941 0.5888324975967407 11
1744367775951 0.5837563276290894 12
1744367775960 0.5837563276290894 13
1744367775969 0.5736040472984314 14
1744367775978 0.5634517669677734 15
1744367775987 0.5685279369354248 16
1744367775997 0.5685279369354248 17
1744367776006 0.5685279369354248 18
1744367776016 0.5634517669677734 19
1744367776025 0.5634517669677734 20
1744367776034 0.5634517669677734 21
1744367776044 0.5634517669677734 22
1744367776054 0.5634517669677734 23
