1744279700646 0.5306122303009033 0
1744279700662 0.5714285969734192 1
1744279700682 0.5510203838348389 2
1744279700695 0.5867347121238708 3
1744279700706 0.5204081535339355 4
1744279700722 0.581632673740387 5
1744279700734 0.545918345451355 6
1744279700745 0.5969387888908386 7
1744279700758 0.581632673740387 8
1744279700769 0.5561224222183228 9
1744279700780 0.545918345451355 10
1744279700793 0.5765306353569031 11
1744279700804 0.5969387888908386 12
1744279700816 0.5357142686843872 13
1744279700829 0.6173469424247742 14
1744279700840 0.5867347121238708 15
1744279700852 0.5663265585899353 16
1744279700863 0.5714285969734192 17
