1744886628990 0.6915655136108398 0
1744886629002 0.6899551153182983 1
1744886629012 0.6887164115905762 2
1744886629025 0.6863560676574707 3
1744886629036 0.684053361415863 4
1744886629046 0.6827606558799744 5
1744886629055 0.6807787418365479 6
1744886629064 0.6782379150390625 7
1744886629078 0.6771122813224792 8
1744886629092 0.6743865013122559 9
1744886629105 0.673579752445221 10
1744886629115 0.6684152483940125 11
1744886629125 0.6674923300743103 12
1744886629136 0.6657962203025818 13
1744886629146 0.6646130084991455 14
1744886629155 0.6618425846099854 15
1744886629165 0.6615106463432312 16
1744886629174 0.6625229716300964 17
1744886629183 0.6599944233894348 18
