1744882264655 0.692474901676178 0
1744882264670 0.6901588439941406 1
1744882264684 0.6881840825080872 2
1744882264698 0.6866532564163208 3
1744882264713 0.6842359900474548 4
1744882264726 0.6829301714897156 5
1744882264739 0.6812620162963867 6
1744882264753 0.6797663569450378 7
1744882264766 0.6792355179786682 8
1744882264779 0.6776414513587952 9
1744882264794 0.6774516701698303 10
1744882264809 0.675689697265625 11
1744882264823 0.6752838492393494 12
1744882264836 0.6746930480003357 13
1744882264849 0.6740514039993286 14
1744882264863 0.6723038554191589 15
1744882264878 0.6717216968536377 16
1744882264892 0.6709878444671631 17
1744882264906 0.6704928278923035 18
