1744882264648 0.5736040472984314 0
1744882264663 0.5634517669677734 1
1744882264678 0.5634517669677734 2
1744882264691 0.5634517669677734 3
1744882264705 0.5634517669677734 4
1744882264719 0.5634517669677734 5
1744882264733 0.5634517669677734 6
1744882264745 0.5634517669677734 7
1744882264760 0.5634517669677734 8
1744882264773 0.5634517669677734 9
1744882264786 0.5634517669677734 10
1744882264802 0.5634517669677734 11
1744882264816 0.5685279369354248 12
1744882264829 0.5685279369354248 13
1744882264842 0.5736040472984314 14
1744882264856 0.5736040472984314 15
1744882264871 0.5786802172660828 16
1744882264884 0.5736040472984314 17
1744882264899 0.5939086079597473 18
