1744282048484 0.4897959232330322 0
1744282048509 0.4693877696990967 1
1744282048524 0.5357142686843872 2
1744282048539 0.5663265585899353 3
1744282048557 0.5612244606018066 4
1744282048569 0.5357142686843872 5
1744282048584 0.5561224222183228 6
1744282048599 0.5357142686843872 7
1744282048613 0.5 8
1744282048626 0.6173469424247742 9
1744282048639 0.5102040767669678 10
1744282048651 0.5408163070678711 11
1744282048664 0.5510203838348389 12
1744282048678 0.47448980808258057 13
1744282048692 0.5969387888908386 14
