1744401877258 0.5364583134651184 0
1744401877272 0.5520833134651184 1
1744401877293 0.5364583134651184 2
1744401877305 0.578125 3
1744401877316 0.609375 4
1744401877327 0.5989583134651184 5
1744401877338 0.609375 6
1744401877349 0.5833333134651184 7
1744401877360 0.5885416865348816 8
1744401877370 0.5729166865348816 9
1744401877381 0.625 10
1744401877392 0.5989583134651184 11
1744401877403 0.59375 12
1744401877414 0.5833333134651184 13
1744401877425 0.578125 14
1744401877437 0.609375 15
1744401877447 0.59375 16
