1744401877264 0.688991367816925 0
1744401877286 0.6834171414375305 1
1744401877300 0.6844084858894348 2
1744401877311 0.680873692035675 3
1744401877321 0.6729372143745422 4
1744401877333 0.6738230586051941 5
1744401877344 0.6756632924079895 6
1744401877354 0.6696412563323975 7
1744401877365 0.669194221496582 8
1744401877376 0.6666944622993469 9
1744401877387 0.6625093817710876 10
1744401877398 0.6653032302856445 11
1744401877408 0.6597539782524109 12
1744401877419 0.6640570759773254 13
1744401877431 0.6606613397598267 14
1744401877442 0.6602465510368347 15
1744401877453 0.6616821885108948 16
