1744401265205 0.7171899676322937 0
1744401265216 0.6787799000740051 1
1744401265226 0.6525796055793762 2
1744401265235 0.6432551741600037 3
1744401265246 0.6348585486412048 4
1744401265257 0.6286974549293518 5
1744401265269 0.6200768351554871 6
1744401265280 0.6197904348373413 7
1744401265291 0.6154882907867432 8
1744401265303 0.6049246191978455 9
1744401265313 0.6087756752967834 10
1744401265324 0.6080157160758972 11
1744401265335 0.5973231792449951 12
1744401265346 0.5970407128334045 13
1744401265357 0.5895463824272156 14
1744401265373 0.589309811592102 15
