1744401265200 0.421875 0
1744401265210 0.5520833134651184 1
1744401265221 0.6302083134651184 2
1744401265230 0.6354166865348816 3
1744401265240 0.6354166865348816 4
1744401265251 0.640625 5
1744401265262 0.6875 6
1744401265274 0.671875 7
1744401265285 0.6666666865348816 8
1744401265297 0.6822916865348816 9
1744401265308 0.65625 10
1744401265319 0.6822916865348816 11
1744401265330 0.6770833134651184 12
1744401265341 0.6510416865348816 13
1744401265352 0.6979166865348816 14
1744401265368 0.6875 15
