1743763320535 0.6086956262588501 0
1743763320545 0.6086956262588501 1
1743763320556 0.6086956262588501 2
1743763320569 0.6086956262588501 3
1743763320579 0.6521739363670349 4
1743763320589 0.6086956262588501 5
1743763320599 0.6086956262588501 6
1743763320616 0.6086956262588501 7
1743763320628 0.5652173757553101 8
1743763320645 0.739130437374115 9
1743763320655 0.6521739363670349 10
1743763320665 0.695652186870575 11
1743763320674 0.6521739363670349 12
1743763320683 0.6086956262588501 13
1743763320692 0.695652186870575 14
1743763320702 0.782608687877655 15
1743763320710 0.739130437374115 16
1743763320719 0.739130437374115 17
1743763320729 0.782608687877655 18
1743763320741 0.782608687877655 19
1743763320750 0.6086956262588501 20
