1743763320540 0.6982342004776001 0
1743763320550 0.6701463460922241 1
1743763320562 0.654651403427124 2
1743763320574 0.6460445523262024 3
1743763320584 0.6416942477226257 4
1743763320594 0.6361418962478638 5
1743763320603 0.6296660900115967 6
1743763320622 0.6338380575180054 7
1743763320641 0.6333351731300354 8
1743763320650 0.6056309342384338 9
1743763320660 0.6294298768043518 10
1743763320669 0.6221944093704224 11
1743763320679 0.6125057339668274 12
1743763320688 0.61552494764328 13
1743763320697 0.6007965207099915 14
1743763320706 0.5894829630851746 15
1743763320715 0.5889056921005249 16
1743763320724 0.5744765996932983 17
1743763320734 0.5943197011947632 18
1743763320746 0.5682065486907959 19
1743763320755 0.5986476540565491 20
