1744397109802 0.6936234831809998 0
1744397109812 0.6932331323623657 1
1744397109820 0.6933537721633911 2
1744397109829 0.6931685209274292 3
1744397109844 0.693065881729126 4
1744397109853 0.693571925163269 5
1744397109861 0.6927759051322937 6
1744397109870 0.6925427317619324 7
1744397109879 0.6924299597740173 8
1744397109888 0.6928905248641968 9
1744397109897 0.6923771500587463 10
1744397109905 0.6924260258674622 11
1744397109917 0.6923952102661133 12
1744397109928 0.6922349333763123 13
1744397109936 0.6922923922538757 14
1744397109945 0.6916056871414185 15
1744397109954 0.6910988092422485 16
1744397109963 0.6918891072273254 17
1744397109971 0.6913101077079773 18
1744397109980 0.6913516521453857 19
1744397109988 0.691805899143219 20
1744397109996 0.6912215352058411 21
1744397110004 0.6910643577575684 22
1744397110013 0.6912328004837036 23
1744397110021 0.6907738447189331 24
1744397110030 0.6901665925979614 25
1744397110038 0.6902964115142822 26
1744397110047 0.6899568438529968 27
1744397110056 0.6905956268310547 28
1744397110064 0.6902303099632263 29
