1744886824688 0.5102040767669678 0
1744886824698 0.5561224222183228 1
1744886824717 0.581632673740387 2
1744886824735 0.5765306353569031 3
1744886824746 0.5765306353569031 4
1744886824757 0.581632673740387 5
1744886824766 0.5969387888908386 6
1744886824776 0.581632673740387 7
1744886824785 0.5918367505073547 8
1744886824794 0.5867347121238708 9
1744886824803 0.6020408272743225 10
1744886824813 0.6020408272743225 11
1744886824822 0.5918367505073547 12
1744886824831 0.6020408272743225 13
1744886824840 0.6020408272743225 14
1744886824849 0.5969387888908386 15
1744886824858 0.5918367505073547 16
1744886824866 0.5918367505073547 17
1744886824874 0.5918367505073547 18
1744886824885 0.5867347121238708 19
1744886824894 0.5867347121238708 20
1744886824904 0.5867347121238708 21
1744886824914 0.5867347121238708 22
1744886824923 0.5867347121238708 23
1744886824933 0.5867347121238708 24
1744886824942 0.5918367505073547 25
