1744282065735 0.7134026288986206 0
1744282065751 0.7070851922035217 1
1744282065762 0.6964850425720215 2
1744282065772 0.6991128921508789 3
1744282065782 0.7225621938705444 4
1744282065793 0.7108312845230103 5
1744282065802 0.7275543212890625 6
1744282065820 0.6982206106185913 7
1744282065833 0.690216600894928 8
1744282065843 0.6953508257865906 9
1744282065855 0.7187598943710327 10
1744282065866 0.6907625794410706 11
1744282065880 0.6929848194122314 12
1744282065890 0.6994715332984924 13
1744282065901 0.6861188411712646 14
1744282065911 0.7332018613815308 15
1744282065922 0.7072924375534058 16
1744282065932 0.7056818008422852 17
1744282065943 0.6952603459358215 18
1744282065954 0.6966643929481506 19
1744282065964 0.6908831000328064 20
1744282065976 0.6973603963851929 21
1744282065990 0.6960082650184631 22
1744282065999 0.6931027173995972 23
1744282066010 0.6923825144767761 24
1744282066020 0.7113908529281616 25
