1744882001471 0.6926028728485107 0
1744882001484 0.6932375431060791 1
1744882001505 0.6926926970481873 2
1744882001517 0.6922441720962524 3
1744882001530 0.6926192045211792 4
1744882001543 0.691918134689331 5
1744882001555 0.6919389963150024 6
1744882001567 0.6917709112167358 7
1744882001579 0.6910597681999207 8
1744882001592 0.6917271614074707 9
1744882001604 0.6912005543708801 10
1744882001617 0.6909708976745605 11
1744882001629 0.6903692483901978 12
1744882001642 0.6905157566070557 13
1744882001655 0.6904202103614807 14
1744882001668 0.690106987953186 15
1744882001681 0.6896387934684753 16
1744882001694 0.6890352368354797 17
1744882001712 0.68964684009552 18
1744882001725 0.6893635988235474 19
1744882001737 0.689930260181427 20
