1744881585132 0.5076141953468323 0
1744881585147 0.5634517669677734 1
1744881585162 0.5634517669677734 2
1744881585177 0.5634517669677734 3
1744881585192 0.5685279369354248 4
1744881585207 0.5634517669677734 5
1744881585222 0.5634517669677734 6
1744881585239 0.5634517669677734 7
1744881585254 0.5634517669677734 8
1744881585269 0.5634517669677734 9
1744881585285 0.5634517669677734 10
1744881585314 0.5634517669677734 11
1744881585330 0.5634517669677734 12
1744881585344 0.5634517669677734 13
1744881585358 0.5634517669677734 14
1744881585373 0.5634517669677734 15
1744881585387 0.5634517669677734 16
1744881585401 0.5736040472984314 17
1744881585415 0.5583756566047668 18
