1744881585140 0.6931767463684082 0
1744881585155 0.6917802691459656 1
1744881585169 0.6896495819091797 2
1744881585185 0.6886298656463623 3
1744881585200 0.688188374042511 4
1744881585214 0.6846222281455994 5
1744881585231 0.6832821369171143 6
1744881585247 0.6830372214317322 7
1744881585262 0.6816044449806213 8
1744881585277 0.6838937401771545 9
1744881585304 0.682292640209198 10
1744881585322 0.6809319853782654 11
1744881585337 0.6829110383987427 12
1744881585351 0.6811652779579163 13
1744881585366 0.6753820180892944 14
1744881585380 0.6735933423042297 15
1744881585394 0.6804790496826172 16
1744881585408 0.674645721912384 17
1744881585423 0.6725631356239319 18
