1744711322566 0.6771213412284851 0
1744711322578 0.6738765239715576 1
1744711322589 0.6707325577735901 2
1744711322600 0.6625887155532837 3
1744711322689 0.6544731855392456 4
1744711322702 0.656423032283783 5
1744711322714 0.6599995493888855 6
1744711323227 0.663054883480072 7
1744711323241 0.6614808440208435 8
1744711323253 0.6578748822212219 9
1744711323264 0.6611254811286926 10
1744711323275 0.6594244837760925 11
1744711323286 0.6542402505874634 12
1744711323297 0.6582065224647522 13
1744711323308 0.6473028063774109 14
1744711323320 0.6570611596107483 15
1744711323331 0.656816840171814 16
1744711323343 0.6453800201416016 17
1744711323354 0.650987446308136 18
1744711323365 0.6499908566474915 19
1744711323376 0.6559183597564697 20
1744711323387 0.6505075097084045 21
1744711323399 0.6554620265960693 22
1744711323410 0.6476553082466125 23
1744711323421 0.6634595394134521 24
1744711323432 0.6526675820350647 25
1744711323443 0.6555091738700867 26
1744711323454 0.6499090790748596 27
1744711323465 0.6460216641426086 28
1744711323476 0.66428142786026 29
