1743499564291 0.6794588565826416 0
1743499564312 0.8313086628913879 1
1743499564320 0.9295969009399414 2
1743499564340 0.9591385722160339 3
1743499564349 0.9817780256271362 4
1743499564357 0.9806736707687378 5
1743499564365 0.9889563918113708 6
1743499564372 0.9922694563865662 7
1743499564381 0.9842628240585327 8
1743499564389 0.9928216338157654 9
1743499564397 0.9966869354248047 10
1743499564405 0.9922694563865662 11
1743499564412 0.9928216338157654 12
1743499564421 0.9983434677124023 13
1743499564429 0.9950303435325623 14
1743499564436 0.9878520369529724 15
1743499564445 0.9966869354248047 16
1743499564453 1.0 17
1743499564461 1.0 18
1743499564473 1.0 19
1743499564486 1.0 20
1743499564493 1.0 21
1743499564502 1.0 22
1743499564509 1.0 23
1743499564516 1.0 24
1743499564524 1.0 25
