1744712409554 0.6933056712150574 0
1744712409565 0.6931260228157043 1
1744712409576 0.692912220954895 2
1744712409588 0.6922228932380676 3
1744712409605 0.6928707361221313 4
1744712409620 0.692071259021759 5
1744712409631 0.6925564408302307 6
1744712409650 0.6922553181648254 7
1744712409666 0.6919981837272644 8
1744712409677 0.6916269063949585 9
1744712409694 0.6912395358085632 10
1744712409705 0.6914464235305786 11
1744712409718 0.6912106871604919 12
1744712409728 0.6907972693443298 13
1744712409738 0.690837025642395 14
1744712409747 0.6902664303779602 15
1744712409755 0.6903315782546997 16
1744712409764 0.6891763210296631 17
1744712409775 0.6894904375076294 18
1744712409785 0.6897153854370117 19
1744712409795 0.6891458034515381 20
