1744712216058 0.5329949259757996 0
1744712216087 0.6142131686210632 1
1744712216100 0.5939086079597473 2
1744712216128 0.5786802172660828 3
1744712216147 0.5786802172660828 4
1744712216163 0.5736040472984314 5
1744712216179 0.5837563276290894 6
1744712216195 0.5786802172660828 7
1744712216211 0.5736040472984314 8
1744712216230 0.5685279369354248 9
1744712216245 0.5736040472984314 10
1744712216259 0.5837563276290894 11
1744712216271 0.5685279369354248 12
1744712216284 0.5685279369354248 13
1744712216300 0.5786802172660828 14
1744712216313 0.5888324975967407 15
1744712216328 0.5837563276290894 16
1744712216345 0.5888324975967407 17
