1744712216066 0.6927509307861328 0
1744712216095 0.691189706325531 1
1744712216120 0.6897660493850708 2
1744712216140 0.6890612840652466 3
1744712216155 0.6884533166885376 4
1744712216172 0.6878801584243774 5
1744712216186 0.6870003938674927 6
1744712216203 0.6862929463386536 7
1744712216219 0.6860326528549194 8
1744712216239 0.6845358610153198 9
1744712216251 0.6837587356567383 10
1744712216265 0.6814787983894348 11
1744712216277 0.6825617551803589 12
1744712216292 0.6812759637832642 13
1744712216307 0.678537905216217 14
1744712216321 0.6766691207885742 15
1744712216338 0.6762589812278748 16
1744712216349 0.6749107837677002 17
