1744882036675 0.6918075680732727 0
1744882036689 0.6904149651527405 1
1744882036702 0.6892392635345459 2
1744882036719 0.6878941059112549 3
1744882036733 0.6859339475631714 4
1744882036747 0.6858614087104797 5
1744882036760 0.6838171482086182 6
1744882036772 0.681393027305603 7
1744882036784 0.6784844398498535 8
1744882036799 0.6771398782730103 9
1744882036814 0.6781284809112549 10
1744882036841 0.6744500398635864 11
1744882036880 0.6771845817565918 12
1744882036921 0.6738462448120117 13
1744882036940 0.6739440560340881 14
1744882036957 0.6724387407302856 15
1744882036977 0.6705495715141296 16
1744882036998 0.6708488464355469 17
1744882037021 0.669508159160614 18
1744882037039 0.6677772998809814 19
1744882037057 0.6644356846809387 20
1744882037074 0.6643379926681519 21
1744882037107 0.6609045267105103 22
1744882037133 0.6663891673088074 23
1744882037146 0.6666738390922546 24
1744882037160 0.6633492708206177 25
1744882037174 0.6589838862419128 26
1744882037189 0.6617465615272522 27
