1744882036668 0.5685279369354248 0
1744882036682 0.5583756566047668 1
1744882036695 0.5685279369354248 2
1744882036711 0.5685279369354248 3
1744882036726 0.5736040472984314 4
1744882036741 0.5634517669677734 5
1744882036753 0.5736040472984314 6
1744882036766 0.5837563276290894 7
1744882036778 0.5685279369354248 8
1744882036791 0.5786802172660828 9
1744882036807 0.5989847779273987 10
1744882036821 0.5888324975967407 11
1744882036872 0.5736040472984314 12
1744882036895 0.5685279369354248 13
1744882036930 0.5532994866371155 14
1744882036949 0.6040608882904053 15
1744882036967 0.5989847779273987 16
1744882036988 0.5939086079597473 17
1744882037010 0.5989847779273987 18
1744882037030 0.5837563276290894 19
1744882037048 0.624365508556366 20
1744882037066 0.6192893385887146 21
1744882037083 0.6091370582580566 22
1744882037125 0.6040608882904053 23
1744882037139 0.6091370582580566 24
1744882037152 0.624365508556366 25
1744882037167 0.6142131686210632 26
1744882037183 0.6294416189193726 27
