1744712638192 0.5634517669677734 0
1744712638213 0.5634517669677734 1
1744712638230 0.5736040472984314 2
1744712638249 0.5583756566047668 3
1744712638263 0.5583756566047668 4
1744712638275 0.5685279369354248 5
1744712638288 0.5736040472984314 6
1744712638302 0.5837563276290894 7
1744712638315 0.5786802172660828 8
1744712638328 0.5837563276290894 9
1744712638342 0.5939086079597473 10
1744712638355 0.5888324975967407 11
1744712638369 0.5939086079597473 12
1744712638381 0.5736040472984314 13
1744712638393 0.5939086079597473 14
1744712638406 0.5989847779273987 15
1744712638418 0.6040608882904053 16
1744712638429 0.6040608882904053 17
1744712638442 0.6040608882904053 18
1744712638453 0.6091370582580566 19
1744712638464 0.6091370582580566 20
