1744881901440 0.5329949259757996 0
1744881901455 0.5583756566047668 1
1744881901472 0.5634517669677734 2
1744881901486 0.5634517669677734 3
1744881901500 0.5634517669677734 4
1744881901514 0.5634517669677734 5
1744881901527 0.5634517669677734 6
1744881901540 0.5634517669677734 7
1744881901554 0.5634517669677734 8
1744881901567 0.5634517669677734 9
1744881901581 0.5634517669677734 10
1744881901595 0.5634517669677734 11
1744881901609 0.5634517669677734 12
1744881901622 0.5634517669677734 13
1744881901635 0.5634517669677734 14
1744881901648 0.5634517669677734 15
1744881901661 0.5634517669677734 16
1744881901675 0.5685279369354248 17
1744881901689 0.5736040472984314 18
