1744881901447 0.6929266452789307 0
1744881901462 0.6907365918159485 1
1744881901480 0.6891406774520874 2
1744881901493 0.6882237195968628 3
1744881901507 0.6870490312576294 4
1744881901521 0.6860594153404236 5
1744881901534 0.686368465423584 6
1744881901547 0.6836915016174316 7
1744881901561 0.6857141852378845 8
1744881901574 0.6851375699043274 9
1744881901588 0.6830190420150757 10
1744881901602 0.6815692782402039 11
1744881901615 0.6806878447532654 12
1744881901629 0.6801775693893433 13
1744881901642 0.6783136129379272 14
1744881901655 0.6775468587875366 15
1744881901668 0.6796488761901855 16
1744881901682 0.6773531436920166 17
1744881901696 0.6760745644569397 18
