1744279418834 0.7163596749305725 0
1744279418848 0.7141842246055603 1
1744279418863 0.7158073782920837 2
1744279418873 0.7110079526901245 3
1744279418883 0.6921257376670837 4
1744279418898 0.704169750213623 5
1744279418908 0.7131713628768921 6
1744279418918 0.7302466630935669 7
1744279418927 0.7076596617698669 8
1744279418938 0.7219436168670654 9
1744279418948 0.7108784317970276 10
1744279418958 0.7079035043716431 11
1744279418967 0.6979416608810425 12
1744279418978 0.6967372298240662 13
1744279418988 0.6971036791801453 14
1744279418998 0.7009246945381165 15
1744279419008 0.7012006640434265 16
1744279419017 0.717494547367096 17
1744279419026 0.7108367681503296 18
1744279419036 0.7158454656600952 19
1744279419045 0.7001760601997375 20
1744279419055 0.7047783732414246 21
1744279419064 0.686409056186676 22
1744279419073 0.7024635076522827 23
1744279419083 0.7009572982788086 24
1744279419092 0.7005267143249512 25
1744279419102 0.6957831978797913 26
1744279419110 0.7144327163696289 27
1744279419119 0.6993464231491089 28
1744279419128 0.692945659160614 29
