1744279418829 0.47959184646606445 0
1744279418842 0.5153061151504517 1
1744279418855 0.4897959232330322 2
1744279418868 0.5357142686843872 3
1744279418878 0.5204081535339355 4
1744279418889 0.5 5
1744279418903 0.5102040767669678 6
1744279418913 0.4591836631298065 7
1744279418922 0.4897959232330322 8
1744279418933 0.5 9
1744279418943 0.5153061151504517 10
1744279418953 0.4897959232330322 11
1744279418963 0.4948979616165161 12
1744279418972 0.5102040767669678 13
1744279418983 0.5306122303009033 14
1744279418993 0.5051020383834839 15
1744279419002 0.5255101919174194 16
1744279419012 0.45408162474632263 17
1744279419021 0.5102040767669678 18
1744279419032 0.5 19
1744279419041 0.5408163070678711 20
1744279419050 0.5153061151504517 21
1744279419059 0.5306122303009033 22
1744279419068 0.5102040767669678 23
1744279419079 0.4897959232330322 24
1744279419088 0.5153061151504517 25
1744279419097 0.5153061151504517 26
1744279419106 0.4948979616165161 27
1744279419115 0.5255101919174194 28
1744279419124 0.5510203838348389 29
