1744279598884 0.4285714328289032 0
1744279598900 0.44897958636283875 1
1744279598913 0.4693877696990967 2
1744279598926 0.45408162474632263 3
1744279598939 0.4591836631298065 4
1744279598952 0.4642857015132904 5
1744279598966 0.4693877696990967 6
1744279598984 0.47959184646606445 7
1744279599005 0.4948979616165161 8
1744279599022 0.5102040767669678 9
1744279599038 0.5 10
1744279599060 0.5 11
1744279599078 0.5 12
1744279599096 0.4948979616165161 13
1744279599114 0.5102040767669678 14
1744279599147 0.5102040767669678 15
1744279599162 0.5153061151504517 16
1744279599186 0.5102040767669678 17
1744279599204 0.5 18
1744279599217 0.5153061151504517 19
1744279599231 0.5255101919174194 20
1744279599244 0.545918345451355 21
1744279599256 0.5663265585899353 22
1744279599271 0.5612244606018066 23
1744279599283 0.5714285969734192 24
1744279599295 0.5765306353569031 25
1744279599306 0.5714285969734192 26
1744279599318 0.5663265585899353 27
1744279599330 0.5714285969734192 28
1744279599341 0.5714285969734192 29
