1744279598893 0.712327241897583 0
1744279598907 0.7103724479675293 1
1744279598920 0.7085882425308228 2
1744279598932 0.7069277763366699 3
1744279598946 0.7056047916412354 4
1744279598958 0.7039250135421753 5
1744279598975 0.7024769186973572 6
1744279598994 0.7012621164321899 7
1744279599014 0.6997379660606384 8
1744279599030 0.6986096501350403 9
1744279599049 0.6974748373031616 10
1744279599069 0.6965433359146118 11
1744279599087 0.6953559517860413 12
1744279599105 0.6943499445915222 13
1744279599139 0.6933151483535767 14
1744279599154 0.6923832297325134 15
1744279599169 0.6914955973625183 16
1744279599196 0.6905826926231384 17
1744279599210 0.6898230910301208 18
1744279599225 0.6889556050300598 19
1744279599238 0.6882245540618896 20
1744279599250 0.6872204542160034 21
1744279599262 0.6865170001983643 22
1744279599277 0.6860254406929016 23
1744279599289 0.6852551102638245 24
1744279599301 0.6847135424613953 25
1744279599312 0.6840122938156128 26
1744279599323 0.6835741996765137 27
1744279599335 0.6828084588050842 28
1744279599347 0.6822977066040039 29
