1744881550603 0.6929990649223328 0
1744881550623 0.6927505135536194 1
1744881550636 0.6925052404403687 2
1744881550649 0.6923093795776367 3
1744881550661 0.6920722126960754 4
1744881550674 0.6918559074401855 5
1744881550687 0.691556453704834 6
1744881550699 0.6913259029388428 7
1744881550712 0.6911023259162903 8
1744881550725 0.6908323764801025 9
1744881550739 0.6906428337097168 10
1744881550752 0.6904554963111877 11
1744881550765 0.6902797222137451 12
1744881550784 0.6900068521499634 13
1744881550798 0.6897841095924377 14
1744881550815 0.6895912289619446 15
1744881550827 0.6894136071205139 16
1744881550839 0.6892006397247314 17
1744881550852 0.6890147924423218 18
1744881550864 0.6887827515602112 19
1744881550876 0.688579797744751 20
1744881550888 0.6883593201637268 21
1744881550901 0.688169538974762 22
1744881550913 0.6879309415817261 23
1744881550926 0.6876885294914246 24
1744881550938 0.687523365020752 25
1744881550950 0.6872550249099731 26
1744881550962 0.6870399117469788 27
