1744881550596 0.5380710363388062 0
1744881550616 0.5685279369354248 1
1744881550629 0.5837563276290894 2
1744881550642 0.5736040472984314 3
1744881550655 0.5685279369354248 4
1744881550668 0.5685279369354248 5
1744881550680 0.5685279369354248 6
1744881550693 0.5685279369354248 7
1744881550705 0.5685279369354248 8
1744881550719 0.5736040472984314 9
1744881550732 0.5736040472984314 10
1744881550746 0.5736040472984314 11
1744881550758 0.5736040472984314 12
1744881550777 0.5736040472984314 13
1744881550791 0.5736040472984314 14
1744881550806 0.5736040472984314 15
1744881550821 0.5685279369354248 16
1744881550833 0.5736040472984314 17
1744881550846 0.5736040472984314 18
1744881550858 0.5736040472984314 19
1744881550870 0.5736040472984314 20
1744881550882 0.5736040472984314 21
1744881550894 0.5736040472984314 22
1744881550907 0.5736040472984314 23
1744881550919 0.5736040472984314 24
1744881550932 0.5736040472984314 25
1744881550944 0.5736040472984314 26
1744881550956 0.5736040472984314 27
