1744400845942 0.6804926991462708 0
1744400845954 0.6795971393585205 1
1744400845968 0.6785009503364563 2
1744400845980 0.677804708480835 3
1744400845991 0.6767073273658752 4
1744400846006 0.675922691822052 5
1744400846018 0.6750538945198059 6
1744400846029 0.674177348613739 7
1744400846041 0.6733339428901672 8
1744400846054 0.6727094650268555 9
1744400846066 0.6719635128974915 10
1744400846078 0.6710505485534668 11
1744400846089 0.6703489422798157 12
1744400846101 0.6697867512702942 13
1744400846113 0.6689135432243347 14
