1744402057644 0.6921381950378418 0
1744402057656 0.6644644141197205 1
1744402057667 0.6450013518333435 2
1744402057678 0.6377500891685486 3
1744402057689 0.633319079875946 4
1744402057702 0.6197043061256409 5
1744402057715 0.6135829091072083 6
1744402057726 0.6079676747322083 7
1744402057741 0.6048415303230286 8
1744402057755 0.5987161993980408 9
1744402057766 0.6026443839073181 10
1744402057777 0.5957918167114258 11
1744402057789 0.595950186252594 12
1744402057799 0.5880781412124634 13
1744402057810 0.5852903723716736 14
1744402057821 0.5829265713691711 15
1744402057831 0.5865432620048523 16
1744402057842 0.5810799598693848 17
1744402057852 0.5777742266654968 18
1744402057863 0.5710452198982239 19
1744402057874 0.5624851584434509 20
