1744881982670 0.5177664756774902 0
1744881982692 0.5685279369354248 1
1744881982742 0.5685279369354248 2
1744881982774 0.5685279369354248 3
1744881982814 0.5685279369354248 4
1744881982841 0.5685279369354248 5
1744881982860 0.5634517669677734 6
1744881982878 0.5685279369354248 7
1744881982903 0.5786802172660828 8
1744881982917 0.5685279369354248 9
1744881982930 0.5736040472984314 10
1744881982943 0.5685279369354248 11
1744881982956 0.5786802172660828 12
1744881982969 0.5685279369354248 13
1744881982981 0.5837563276290894 14
1744881982994 0.6040608882904053 15
1744881983007 0.6091370582580566 16
1744881983019 0.6040608882904053 17
1744881983032 0.6345177888870239 18
1744881983044 0.624365508556366 19
1744881983061 0.624365508556366 20
1744881983074 0.6395938992500305 21
1744881983088 0.6192893385887146 22
1744881983101 0.6395938992500305 23
1744881983119 0.624365508556366 24
1744881983141 0.6395938992500305 25
1744881983158 0.6395938992500305 26
1744881983175 0.6294416189193726 27
1744881983192 0.6294416189193726 28
1744881983208 0.6142131686210632 29
