1744712995529 0.6945278644561768 0
1744712995542 0.6934750080108643 1
1744712995555 0.692501962184906 2
1744712995571 0.6916496753692627 3
1744712995596 0.6908429265022278 4
1744712995609 0.6898587346076965 5
1744712995622 0.6892355680465698 6
1744712995636 0.6882834434509277 7
1744712995648 0.6876809597015381 8
1744712995660 0.6868420243263245 9
1744712995675 0.686022937297821 10
1744712995688 0.6851668953895569 11
1744712995703 0.6843642592430115 12
1744712995716 0.6833522319793701 13
1744712995730 0.6824002861976624 14
1744712995744 0.6814719438552856 15
1744712995757 0.6805023550987244 16
1744712995771 0.6799280047416687 17
1744712995784 0.678810179233551 18
1744712995798 0.678202211856842 19
1744712995811 0.6771592497825623 20
1744712995827 0.6762341856956482 21
1744712995841 0.6754850745201111 22
1744712995855 0.674885094165802 23
1744712995868 0.6740475296974182 24
1744712995881 0.6732038259506226 25
1744712995893 0.6723111271858215 26
