1744881778200 0.5380710363388062 0
1744881778214 0.5685279369354248 1
1744881778226 0.5634517669677734 2
1744881778239 0.5634517669677734 3
1744881778252 0.5634517669677734 4
1744881778272 0.5634517669677734 5
1744881778285 0.5634517669677734 6
1744881778297 0.5634517669677734 7
1744881778310 0.5685279369354248 8
1744881778322 0.5685279369354248 9
1744881778335 0.5685279369354248 10
1744881778347 0.5685279369354248 11
1744881778359 0.5685279369354248 12
1744881778371 0.5736040472984314 13
1744881778385 0.5736040472984314 14
1744881778397 0.5736040472984314 15
1744881778410 0.5736040472984314 16
1744881778422 0.5736040472984314 17
1744881778435 0.5736040472984314 18
