1744881541915 0.5329949259757996 0
1744881541931 0.5837563276290894 1
1744881541947 0.5786802172660828 2
1744881541962 0.5736040472984314 3
1744881541976 0.5736040472984314 4
1744881541990 0.5736040472984314 5
1744881542003 0.5736040472984314 6
1744881542016 0.5685279369354248 7
1744881542029 0.5736040472984314 8
1744881542049 0.5736040472984314 9
1744881542064 0.5685279369354248 10
1744881542078 0.5736040472984314 11
1744881542091 0.5736040472984314 12
1744881542104 0.5736040472984314 13
1744881542118 0.5736040472984314 14
1744881542133 0.5736040472984314 15
1744881542147 0.5786802172660828 16
1744881542161 0.5786802172660828 17
1744881542175 0.5786802172660828 18
