1744886860147 0.5051020383834839 0
1744886860177 0.5510203838348389 1
1744886860191 0.4897959232330322 2
1744886860209 0.5561224222183228 3
1744886860218 0.5561224222183228 4
1744886860226 0.5765306353569031 5
1744886860235 0.6071428656578064 6
1744886860248 0.6071428656578064 7
1744886860257 0.5867347121238708 8
1744886860265 0.5765306353569031 9
1744886860274 0.581632673740387 10
1744886860282 0.5969387888908386 11
1744886860291 0.6173469424247742 12
1744886860299 0.5867347121238708 13
1744886860308 0.5714285969734192 14
1744886860317 0.6173469424247742 15
1744886860326 0.6224489808082581 16
1744886860336 0.5561224222183228 17
1744886860344 0.5918367505073547 18
1744886860354 0.5663265585899353 19
1744886860366 0.5765306353569031 20
1744886860375 0.5969387888908386 21
1744886860384 0.5714285969734192 22
1744886860393 0.6071428656578064 23
1744886860402 0.5612244606018066 24
1744886860411 0.6173469424247742 25
