1744886860163 0.6931883096694946 0
1744886860184 0.6929640769958496 1
1744886860202 0.6933488845825195 2
1744886860214 0.6927818655967712 3
1744886860222 0.6925528645515442 4
1744886860231 0.6922617554664612 5
1744886860243 0.6916755437850952 6
1744886860252 0.6919265985488892 7
1744886860261 0.6913920044898987 8
1744886860270 0.691333532333374 9
1744886860278 0.6912715435028076 10
1744886860286 0.6907567977905273 11
1744886860295 0.6900203227996826 12
1744886860304 0.6905620098114014 13
1744886860313 0.6909990906715393 14
1744886860322 0.6895079612731934 15
1744886860331 0.6897557377815247 16
1744886860340 0.6896754503250122 17
1744886860348 0.6893748641014099 18
1744886860358 0.6893928647041321 19
1744886860371 0.6891263127326965 20
1744886860380 0.6885479688644409 21
1744886860389 0.6888415813446045 22
1744886860397 0.6883178949356079 23
1744886860406 0.6884223818778992 24
1744886860416 0.6879966259002686 25
