1744279928701 0.5306122303009033 0
1744279928713 0.5306122303009033 1
1744279928724 0.545918345451355 2
1744279928735 0.545918345451355 3
1744279928747 0.5357142686843872 4
1744279928759 0.5561224222183228 5
1744279928774 0.5510203838348389 6
1744279928784 0.5714285969734192 7
1744279928795 0.5969387888908386 8
1744279928806 0.6122449040412903 9
1744279928817 0.6326530575752258 10
1744279928827 0.6326530575752258 11
1744279928840 0.6326530575752258 12
1744279928850 0.6173469424247742 13
1744279928860 0.6071428656578064 14
1744279928871 0.6071428656578064 15
1744279928882 0.6071428656578064 16
1744279928892 0.6020408272743225 17
1744279928903 0.5918367505073547 18
1744279928913 0.6020408272743225 19
1744279928924 0.6122449040412903 20
1744279928935 0.6122449040412903 21
1744279928947 0.6122449040412903 22
1744279928958 0.5969387888908386 23
1744279928968 0.6020408272743225 24
1744279928978 0.6122449040412903 25
1744279928989 0.6122449040412903 26
1744279928999 0.6173469424247742 27
