1744279928707 0.6877542734146118 0
1744279928719 0.6863232851028442 1
1744279928730 0.6855401992797852 2
1744279928740 0.6849005818367004 3
1744279928753 0.6841940879821777 4
1744279928767 0.6832996010780334 5
1744279928779 0.682340681552887 6
1744279928790 0.681705892086029 7
1744279928801 0.6806650161743164 8
1744279928811 0.6803097128868103 9
1744279928822 0.6795753836631775 10
1744279928832 0.6793162226676941 11
1744279928845 0.6786565780639648 12
1744279928855 0.6777359843254089 13
1744279928866 0.6772575378417969 14
1744279928876 0.6766238808631897 15
1744279928887 0.6763173341751099 16
1744279928897 0.6761863231658936 17
1744279928908 0.6754543781280518 18
1744279928918 0.675214409828186 19
1744279928930 0.6746918559074402 20
1744279928941 0.6744707226753235 21
1744279928952 0.6742050647735596 22
1744279928963 0.6737542152404785 23
1744279928973 0.673467218875885 24
1744279928984 0.6732759475708008 25
1744279928994 0.6728487610816956 26
1744279929006 0.6727157831192017 27
