1744886833501 0.6020408272743225 0
1744886833512 0.5918367505073547 1
1744886833525 0.581632673740387 2
1744886833536 0.5918367505073547 3
1744886833545 0.5765306353569031 4
1744886833552 0.5867347121238708 5
1744886833560 0.5918367505073547 6
1744886833567 0.5969387888908386 7
1744886833575 0.5969387888908386 8
1744886833583 0.6071428656578064 9
1744886833591 0.5969387888908386 10
1744886833600 0.6071428656578064 11
1744886833608 0.6173469424247742 12
1744886833616 0.6071428656578064 13
1744886833625 0.6071428656578064 14
1744886833632 0.6020408272743225 15
1744886833641 0.6122449040412903 16
1744886833649 0.6020408272743225 17
1744886833656 0.6020408272743225 18
1744886833664 0.6020408272743225 19
1744886833672 0.5969387888908386 20
1744886833679 0.5867347121238708 21
1744886833687 0.581632673740387 22
1744886833695 0.5867347121238708 23
1744886833703 0.581632673740387 24
1744886833711 0.581632673740387 25
1744886833719 0.581632673740387 26
