1744886833507 0.6924367547035217 0
1744886833518 0.6921453475952148 1
1744886833531 0.6919658184051514 2
1744886833541 0.6917476058006287 3
1744886833549 0.6915233135223389 4
1744886833556 0.6913431882858276 5
1744886833563 0.6911097168922424 6
1744886833571 0.6909016966819763 7
1744886833579 0.690692126750946 8
1744886833587 0.6904599666595459 9
1744886833596 0.6902375221252441 10
1744886833604 0.6900630593299866 11
1744886833612 0.6898277401924133 12
1744886833620 0.6896626353263855 13
1744886833629 0.6893796920776367 14
1744886833637 0.6891667246818542 15
1744886833645 0.6889378428459167 16
1744886833653 0.6886902451515198 17
1744886833660 0.6884490251541138 18
1744886833668 0.6882624626159668 19
1744886833675 0.6880717277526855 20
1744886833684 0.6878628134727478 21
1744886833691 0.6876747012138367 22
1744886833699 0.6874377727508545 23
1744886833707 0.6871936321258545 24
1744886833715 0.6869332194328308 25
1744886833723 0.686683177947998 26
