1744712797411 0.5025380849838257 0
1744712797452 0.5177664756774902 1
1744712797482 0.5685279369354248 2
1744712797508 0.5939086079597473 3
1744712797534 0.5736040472984314 4
1744712797580 0.5786802172660828 5
1744712797599 0.5736040472984314 6
1744712797615 0.5736040472984314 7
1744712797633 0.5736040472984314 8
1744712797651 0.5786802172660828 9
1744712797668 0.5736040472984314 10
1744712797695 0.5634517669677734 11
1744712797725 0.5786802172660828 12
1744712797760 0.5736040472984314 13
1744712797785 0.5736040472984314 14
1744712797803 0.5685279369354248 15
1744712797820 0.5736040472984314 16
1744712797835 0.5837563276290894 17
1744712797850 0.5939086079597473 18
1744712797863 0.5634517669677734 19
1744712797880 0.5837563276290894 20
1744712797897 0.5837563276290894 21
1744712797914 0.5837563276290894 22
1744712797928 0.5736040472984314 23
1744712797942 0.5685279369354248 24
1744712797954 0.5837563276290894 25
1744712797967 0.5939086079597473 26
1744712797980 0.6040608882904053 27
1744712797992 0.5939086079597473 28
1744712798005 0.5736040472984314 29
