1744712797428 0.6944764256477356 0
1744712797473 0.6919577121734619 1
1744712797491 0.6911370158195496 2
1744712797520 0.6903282999992371 3
1744712797554 0.6891358494758606 4
1744712797591 0.6879950761795044 5
1744712797607 0.6862027049064636 6
1744712797622 0.6861937046051025 7
1744712797641 0.6854752898216248 8
1744712797660 0.684252142906189 9
1744712797682 0.6842721104621887 10
1744712797710 0.6840248703956604 11
1744712797741 0.6805248260498047 12
1744712797774 0.6801079511642456 13
1744712797794 0.679813802242279 14
1744712797812 0.6801183223724365 15
1744712797826 0.6776015162467957 16
1744712797842 0.6756809949874878 17
1744712797856 0.6763510704040527 18
1744712797871 0.6737640500068665 19
1744712797889 0.6717743873596191 20
1744712797906 0.6725478768348694 21
1744712797922 0.6751616597175598 22
1744712797934 0.6740177273750305 23
1744712797948 0.671887993812561 24
1744712797961 0.6713311672210693 25
1744712797974 0.6730710864067078 26
1744712797987 0.665322482585907 27
1744712797998 0.6682490706443787 28
1744712798011 0.6668091416358948 29
