1744281879423 0.43877550959587097 0
1744281879434 0.4591836631298065 1
1744281879446 0.4897959232330322 2
1744281879457 0.5255101919174194 3
1744281879467 0.5510203838348389 4
1744281879478 0.545918345451355 5
1744281879487 0.5918367505073547 6
1744281879497 0.4948979616165161 7
1744281879507 0.5357142686843872 8
1744281879517 0.5510203838348389 9
1744281879527 0.5357142686843872 10
1744281879536 0.5918367505073547 11
1744281879546 0.5153061151504517 12
1744281879556 0.5714285969734192 13
1744281879567 0.6071428656578064 14
1744281879576 0.5612244606018066 15
