1745402963759 0.5102040767669678 0
1745402963822 0.5867347121238708 1
1745402963887 0.581632673740387 2
1745402963951 0.5867347121238708 3
1745402964021 0.5969387888908386 4
1745402964086 0.5867347121238708 5
1745402964147 0.5867347121238708 6
1745402964206 0.5867347121238708 7
1745402964266 0.5918367505073547 8
1745402964323 0.5918367505073547 9
1745402964381 0.5918367505073547 10
1745402964438 0.5867347121238708 11
1745402964495 0.5918367505073547 12
1745402964554 0.5867347121238708 13
1745402964614 0.5918367505073547 14
1745402964673 0.5969387888908386 15
1745402964733 0.5918367505073547 16
1745402964797 0.581632673740387 17
1745402964857 0.5918367505073547 18
