1744279483792 0.7157993912696838 0
1744279483806 0.7163142561912537 1
1744279483818 0.7098403573036194 2
1744279483831 0.7071019411087036 3
1744279483843 0.699914276599884 4
1744279483858 0.7115986943244934 5
1744279483874 0.6968940496444702 6
1744279483886 0.6857040524482727 7
1744279483900 0.7121565937995911 8
1744279483913 0.6967078447341919 9
1744279483926 0.7217478156089783 10
1744279483939 0.6929545402526855 11
1744279483952 0.6987137794494629 12
1744279483963 0.7005959153175354 13
1744279484092 0.6977402567863464 14
1744279484105 0.6969797015190125 15
1744279484117 0.6974071860313416 16
1744279484130 0.6943894028663635 17
1744279484143 0.6884887218475342 18
1744279484158 0.6898316144943237 19
1744279484174 0.6900453567504883 20
1744279484186 0.6815256476402283 21
1744279484199 0.6841591596603394 22
1744279484213 0.6912343502044678 23
1744279484226 0.6772522330284119 24
