1744368254714 0.6945800185203552 0
1744368254722 0.6937824487686157 1
1744368254730 0.6939745545387268 2
1744368254739 0.6947313547134399 3
1744368254747 0.6948877573013306 4
1744368254756 0.6938024759292603 5
1744368254764 0.6931110620498657 6
1744368254773 0.693644106388092 7
1744368254781 0.6932042241096497 8
1744368254789 0.6937144994735718 9
1744368254798 0.6931864023208618 10
1744368254805 0.6927653551101685 11
1744368254813 0.6928762793540955 12
1744368254821 0.6926367282867432 13
1744368254828 0.6927668452262878 14
1744368254836 0.6935569643974304 15
1744368254844 0.6921383142471313 16
1744368254852 0.6933404803276062 17
1744368254859 0.6929897665977478 18
1744368254867 0.6927144527435303 19
1744368254875 0.6924085021018982 20
1744368254882 0.6915366649627686 21
1744368254890 0.6919462084770203 22
1744368254898 0.6917752623558044 23
1744368254905 0.6929582953453064 24
1744368254914 0.6921133399009705 25
