1744368254709 0.4060913622379303 0
1744368254718 0.4720812141895294 1
1744368254726 0.41624364256858826 2
1744368254735 0.4263959527015686 3
1744368254743 0.44162437319755554 4
1744368254752 0.4822334945201874 5
1744368254760 0.4822334945201874 6
1744368254769 0.4974619150161743 7
1744368254777 0.5279187560081482 8
1744368254785 0.48730963468551636 9
1744368254794 0.4822334945201874 10
1744368254802 0.5329949259757996 11
1744368254809 0.5685279369354248 12
1744368254817 0.5583756566047668 13
1744368254825 0.5228426456451416 14
1744368254832 0.5025380849838257 15
1744368254840 0.5736040472984314 16
1744368254848 0.5583756566047668 17
1744368254855 0.5736040472984314 18
1744368254863 0.5380710363388062 19
1744368254871 0.5583756566047668 20
1744368254879 0.5583756566047668 21
1744368254886 0.5532994866371155 22
1744368254894 0.5786802172660828 23
1744368254902 0.5532994866371155 24
1744368254910 0.5685279369354248 25
