1744367689508 0.6933443546295166 0
1744367689516 0.6898863315582275 1
1744367689524 0.6870064735412598 2
1744367689532 0.6838375926017761 3
1744367689540 0.6790009140968323 4
1744367689549 0.6767039895057678 5
1744367689557 0.6732614636421204 6
1744367689565 0.6717924475669861 7
1744367689573 0.6692768931388855 8
1744367689581 0.6709453463554382 9
1744367689589 0.6679392457008362 10
1744367689597 0.666639506816864 11
1744367689605 0.6647472977638245 12
1744367689612 0.6653697490692139 13
1744367689620 0.6651298403739929 14
1744367689629 0.663058876991272 15
1744367689637 0.6616100668907166 16
1744367689646 0.6621041893959045 17
1744367689653 0.6604775190353394 18
1744367689661 0.6591702103614807 19
