1744367689500 0.5177664756774902 0
1744367689512 0.5736040472984314 1
1744367689520 0.5634517669677734 2
1744367689528 0.5888324975967407 3
1744367689536 0.6091370582580566 4
1744367689544 0.5786802172660828 5
1744367689553 0.5837563276290894 6
1744367689561 0.5837563276290894 7
1744367689569 0.5888324975967407 8
1744367689577 0.5837563276290894 9
1744367689585 0.5736040472984314 10
1744367689593 0.5888324975967407 11
1744367689601 0.5888324975967407 12
1744367689609 0.6091370582580566 13
1744367689616 0.6091370582580566 14
1744367689625 0.5939086079597473 15
1744367689633 0.6091370582580566 16
1744367689641 0.6142131686210632 17
1744367689650 0.6142131686210632 18
1744367689657 0.6142131686210632 19
