1744400743309 0.5 0
1744400743322 0.5104166865348816 1
1744400743336 0.5625 2
1744400743348 0.5677083134651184 3
1744400743361 0.6510416865348816 4
1744400743374 0.6197916865348816 5
1744400743385 0.6354166865348816 6
1744400743397 0.640625 7
1744400743409 0.6041666865348816 8
1744400743420 0.6197916865348816 9
1744400743432 0.6458333134651184 10
1744400743444 0.6302083134651184 11
1744400743455 0.5989583134651184 12
1744400743468 0.6458333134651184 13
1744400743482 0.6354166865348816 14
1744400743493 0.6354166865348816 15
1744400743505 0.6666666865348816 16
1744400743516 0.6302083134651184 17
1744400743526 0.640625 18
1744400743537 0.6458333134651184 19
1744400743547 0.640625 20
1744400743557 0.640625 21
1744400743567 0.6510416865348816 22
1744400743576 0.6458333134651184 23
