1744279591037 0.7108016014099121 0
1744279591052 0.7051194906234741 1
1744279591074 0.700958251953125 2
1744279591087 0.6979660987854004 3
1744279591099 0.6951411366462708 4
1744279591113 0.692152738571167 5
1744279591134 0.6902844905853271 6
1744279591147 0.6882994771003723 7
1744279591161 0.6868720650672913 8
1744279591173 0.6854405403137207 9
1744279591184 0.6846115589141846 10
1744279591196 0.6834195256233215 11
1744279591208 0.6818987131118774 12
1744279591222 0.6815042495727539 13
1744279591234 0.6799354553222656 14
1744279591246 0.6794120073318481 15
1744279591259 0.6796404123306274 16
1744279591271 0.6778570413589478 17
1744279591291 0.677351176738739 18
1744279591312 0.676496684551239 19
