1744279591030 0.4897959232330322 0
1744279591045 0.5255101919174194 1
1744279591067 0.5612244606018066 2
1744279591080 0.5612244606018066 3
1744279591093 0.5510203838348389 4
1744279591105 0.5510203838348389 5
1744279591119 0.5510203838348389 6
1744279591141 0.5408163070678711 7
1744279591152 0.545918345451355 8
1744279591167 0.5663265585899353 9
1744279591178 0.5765306353569031 10
1744279591190 0.5765306353569031 11
1744279591202 0.5867347121238708 12
1744279591216 0.5765306353569031 13
1744279591228 0.5663265585899353 14
1744279591240 0.5663265585899353 15
1744279591253 0.5663265585899353 16
1744279591265 0.5765306353569031 17
1744279591278 0.5765306353569031 18
1744279591303 0.581632673740387 19
