1744712750383 0.6940228343009949 0
1744712750396 0.6932448148727417 1
1744712750418 0.6926107406616211 2
1744712750431 0.691819965839386 3
1744712750444 0.6912187933921814 4
1744712750459 0.6904622316360474 5
1744712750471 0.6898205876350403 6
1744712750484 0.6892843246459961 7
1744712750498 0.6885988116264343 8
1744712750511 0.6881120800971985 9
1744712750524 0.68739914894104 10
1744712750538 0.6867322325706482 11
1744712750552 0.686229944229126 12
1744712750565 0.6856253147125244 13
1744712750578 0.6850795745849609 14
1744712750591 0.6842359900474548 15
1744712750604 0.683536946773529 16
1744712750617 0.68315589427948 17
1744712750633 0.6823104619979858 18
1744712750647 0.6818129420280457 19
1744712750661 0.681009829044342 20
1744712750674 0.6805865168571472 21
1744712750687 0.6797557473182678 22
1744712750700 0.6791777610778809 23
1744712750713 0.678709089756012 24
1744712750725 0.6782301068305969 25
1744712750737 0.6776708364486694 26
1744712750750 0.677151620388031 27
1744712750763 0.6765503883361816 28
1744712750777 0.6758735179901123 29
