1744712750373 0.4822334945201874 0
1744712750390 0.5279187560081482 1
1744712750404 0.5482233762741089 2
1744712750424 0.5685279369354248 3
1744712750438 0.5736040472984314 4
1744712750451 0.5786802172660828 5
1744712750465 0.5786802172660828 6
1744712750478 0.5786802172660828 7
1744712750491 0.5786802172660828 8
1744712750504 0.5736040472984314 9
1744712750518 0.5736040472984314 10
1744712750531 0.5736040472984314 11
1744712750545 0.5736040472984314 12
1744712750558 0.5736040472984314 13
1744712750572 0.5736040472984314 14
1744712750585 0.5685279369354248 15
1744712750598 0.5685279369354248 16
1744712750610 0.5786802172660828 17
1744712750623 0.5786802172660828 18
1744712750640 0.5786802172660828 19
1744712750654 0.5736040472984314 20
1744712750667 0.5736040472984314 21
1744712750681 0.5736040472984314 22
1744712750693 0.5736040472984314 23
1744712750706 0.5736040472984314 24
1744712750719 0.5736040472984314 25
1744712750731 0.5583756566047668 26
1744712750743 0.5634517669677734 27
1744712750757 0.5736040472984314 28
1744712750770 0.5736040472984314 29
