1744279552339 0.5255101919174194 0
1744279552352 0.44387754797935486 1
1744279552364 0.4591836631298065 2
1744279552377 0.5408163070678711 3
1744279552389 0.5102040767669678 4
1744279552402 0.5765306353569031 5
1744279552420 0.4591836631298065 6
1744279552433 0.5204081535339355 7
1744279552446 0.5765306353569031 8
1744279552459 0.5306122303009033 9
1744279552472 0.5255101919174194 10
1744279552484 0.5510203838348389 11
1744279552498 0.5663265585899353 12
1744279552517 0.581632673740387 13
1744279552530 0.5255101919174194 14
1744279552543 0.545918345451355 15
1744279552559 0.5408163070678711 16
1744279552571 0.5612244606018066 17
1744279552584 0.5510203838348389 18
1744279552596 0.5714285969734192 19
1744279552610 0.5204081535339355 20
1744279552623 0.5969387888908386 21
1744279552637 0.5765306353569031 22
1744279552649 0.5357142686843872 23
1744279552661 0.5714285969734192 24
