1744279552346 0.6903117299079895 0
1744279552358 0.6998299360275269 1
1744279552371 0.7003943920135498 2
1744279552383 0.6846966743469238 3
1744279552395 0.697733998298645 4
1744279552408 0.6803311109542847 5
1744279552427 0.6903557777404785 6
1744279552439 0.6959452033042908 7
1744279552453 0.6825708746910095 8
1744279552465 0.6902694702148438 9
1744279552478 0.6888303160667419 10
1744279552492 0.6893710494041443 11
1744279552511 0.6828883290290833 12
1744279552524 0.6788426637649536 13
1744279552537 0.6861351728439331 14
1744279552552 0.6847128868103027 15
1744279552565 0.6877323985099792 16
1744279552577 0.6843023300170898 17
1744279552590 0.6852706670761108 18
1744279552603 0.6808997392654419 19
1744279552616 0.6787839531898499 20
1744279552630 0.6751620769500732 21
1744279552643 0.6797428727149963 22
1744279552655 0.6751843690872192 23
1744279552668 0.6712191700935364 24
