1744882308938 0.4517766535282135 0
1744882308995 0.5431472063064575 1
1744882309019 0.5532994866371155 2
1744882309043 0.5634517669677734 3
1744882309060 0.5634517669677734 4
1744882309083 0.5634517669677734 5
1744882309105 0.5634517669677734 6
1744882309126 0.5634517669677734 7
1744882309148 0.5634517669677734 8
1744882309165 0.5634517669677734 9
1744882309181 0.5634517669677734 10
1744882309197 0.5634517669677734 11
1744882309213 0.5634517669677734 12
1744882309228 0.5634517669677734 13
1744882309245 0.5634517669677734 14
1744882309259 0.5634517669677734 15
1744882309272 0.5634517669677734 16
1744882309287 0.5634517669677734 17
1744882309303 0.5634517669677734 18
1744882309319 0.5634517669677734 19
