1744882308955 0.6934403777122498 0
1744882309005 0.6927867531776428 1
1744882309035 0.692529022693634 2
1744882309052 0.6918468475341797 3
1744882309071 0.6916078925132751 4
1744882309093 0.6910030245780945 5
1744882309118 0.6907932758331299 6
1744882309135 0.6905643343925476 7
1744882309157 0.6906184554100037 8
1744882309173 0.6904408931732178 9
1744882309189 0.6895219087600708 10
1744882309205 0.6892573833465576 11
1744882309221 0.6891822814941406 12
1744882309236 0.6886047720909119 13
1744882309252 0.689212441444397 14
1744882309265 0.688255786895752 15
1744882309279 0.6878576874732971 16
1744882309295 0.6875662803649902 17
1744882309311 0.6868549585342407 18
1744882309327 0.6864936351776123 19
