1744882403140 0.6933757662773132 0
1744882403161 0.6937918663024902 1
1744882403175 0.6932986974716187 2
1744882403191 0.6924497485160828 3
1744882403205 0.6929141879081726 4
1744882403218 0.6928882002830505 5
1744882403231 0.6926000118255615 6
1744882403244 0.692237377166748 7
1744882403257 0.6922239661216736 8
1744882403271 0.691963255405426 9
1744882403283 0.6925225257873535 10
1744882403296 0.6916271448135376 11
1744882403308 0.6913343071937561 12
1744882403321 0.6918136477470398 13
1744882403334 0.6918043494224548 14
1744882403348 0.6915557384490967 15
1744882403362 0.6908733248710632 16
1744882403375 0.6912273168563843 17
1744882403387 0.6906096339225769 18
1744882403400 0.6905447840690613 19
1744882403413 0.6899756193161011 20
1744882403426 0.690326988697052 21
1744882403439 0.6904445886611938 22
1744882403453 0.6904314756393433 23
1744882403465 0.6901358366012573 24
1744882403478 0.6902565956115723 25
1744882403491 0.6897844672203064 26
