1744401031921 0.59375 0
1744401031949 0.578125 1
1744401031983 0.6145833134651184 2
1744401031996 0.6458333134651184 3
1744401032008 0.6145833134651184 4
1744401032021 0.6510416865348816 5
1744401032032 0.6614583134651184 6
1744401032045 0.6666666865348816 7
1744401032058 0.6510416865348816 8
1744401032070 0.6614583134651184 9
1744401032085 0.640625 10
1744401032105 0.6458333134651184 11
1744401032121 0.6458333134651184 12
1744401032135 0.671875 13
1744401032147 0.6510416865348816 14
1744401032158 0.6458333134651184 15
