1744401031938 0.6806366443634033 0
1744401031973 0.6671413779258728 1
1744401031989 0.6507844924926758 2
1744401032002 0.6466655135154724 3
1744401032015 0.6478291749954224 4
1744401032026 0.642395555973053 5
1744401032038 0.6473823189735413 6
1744401032052 0.6455958485603333 7
1744401032065 0.6441337466239929 8
1744401032076 0.6341074109077454 9
1744401032094 0.6369800567626953 10
1744401032113 0.6318361163139343 11
1744401032129 0.637066662311554 12
1744401032141 0.6335498094558716 13
1744401032152 0.6270697712898254 14
1744401032164 0.6275904774665833 15
