1744396741987 0.693668782711029 0
1744396742003 0.692096471786499 1
1744396742017 0.6905378103256226 2
1744396742035 0.6890705227851868 3
1744396742047 0.6877416372299194 4
1744396742062 0.6866984367370605 5
1744396742085 0.684837818145752 6
1744396742103 0.6831942200660706 7
1744396742125 0.68180251121521 8
1744396742149 0.6802127957344055 9
1744396742166 0.6789388656616211 10
1744396742183 0.6773746013641357 11
1744396742199 0.6752859354019165 12
1744396742213 0.6739032864570618 13
1744396742228 0.6729572415351868 14
1744396742243 0.671085000038147 15
1744396742257 0.670697033405304 16
1744396742272 0.669531524181366 17
