1744712758522 0.6908993124961853 0
1744712758536 0.6907522082328796 1
1744712758550 0.6906207203865051 2
1744712758566 0.6905305981636047 3
1744712758579 0.6904012560844421 4
1744712758592 0.6902989149093628 5
1744712758607 0.6901714205741882 6
1744712758620 0.6900405287742615 7
1744712758634 0.6899333596229553 8
1744712758646 0.6898208260536194 9
1744712758659 0.6896899342536926 10
1744712758672 0.6896067261695862 11
1744712758685 0.689454972743988 12
1744712758698 0.6893349885940552 13
1744712758711 0.6892234683036804 14
1744712758727 0.6891098618507385 15
1744712758741 0.6890118718147278 16
1744712758755 0.688862681388855 17
1744712758768 0.6887508630752563 18
1744712758781 0.6886091828346252 19
1744712758794 0.6885201930999756 20
1744712758807 0.6884284019470215 21
1744712758820 0.6883352994918823 22
1744712758834 0.688245415687561 23
1744712758847 0.6881357431411743 24
1744712758860 0.688018798828125 25
