1744712758515 0.5939086079597473 0
1744712758529 0.6040608882904053 1
1744712758544 0.6142131686210632 2
1744712758560 0.6040608882904053 3
1744712758573 0.6040608882904053 4
1744712758586 0.5888324975967407 5
1744712758599 0.5939086079597473 6
1744712758613 0.5837563276290894 7
1744712758627 0.5888324975967407 8
1744712758640 0.5939086079597473 9
1744712758653 0.5888324975967407 10
1744712758665 0.5888324975967407 11
1744712758678 0.5939086079597473 12
1744712758691 0.6040608882904053 13
1744712758705 0.6040608882904053 14
1744712758719 0.6040608882904053 15
1744712758734 0.5939086079597473 16
1744712758747 0.5888324975967407 17
1744712758761 0.5888324975967407 18
1744712758774 0.5888324975967407 19
1744712758787 0.5939086079597473 20
1744712758800 0.5939086079597473 21
1744712758814 0.5939086079597473 22
1744712758827 0.5939086079597473 23
1744712758841 0.5786802172660828 24
1744712758854 0.5888324975967407 25
