1744397560467 0.6928152441978455 0
1744397560481 0.6927945613861084 1
1744397560499 0.6925075650215149 2
1744397560509 0.6919918656349182 3
1744397560520 0.6923258900642395 4
1744397560536 0.6924247741699219 5
1744397560547 0.6918332576751709 6
1744397560561 0.6918984651565552 7
1744397560572 0.6913191080093384 8
1744397560583 0.6920018792152405 9
1744397560594 0.6917108297348022 10
1744397560604 0.6918944716453552 11
1744397560615 0.691956102848053 12
1744397560627 0.6911136507987976 13
1744397560637 0.691385805606842 14
1744397560646 0.6905475854873657 15
1744397560656 0.6915575265884399 16
1744397560666 0.6911979913711548 17
1744397560676 0.6913396120071411 18
1744397560685 0.690579891204834 19
1744397560694 0.6907493472099304 20
1744397560704 0.6902571320533752 21
1744397560713 0.6903109550476074 22
1744397560722 0.6905516982078552 23
1744397560733 0.6903658509254456 24
1744397560741 0.6899887323379517 25
