1744397560459 0.5126903653144836 0
1744397560475 0.5482233762741089 1
1744397560489 0.5634517669677734 2
1744397560504 0.5837563276290894 3
1744397560514 0.5532994866371155 4
1744397560530 0.5431472063064575 5
1744397560541 0.6345177888870239 6
1744397560552 0.5888324975967407 7
1744397560566 0.5736040472984314 8
1744397560578 0.5939086079597473 9
1744397560588 0.5634517669677734 10
1744397560599 0.5837563276290894 11
1744397560609 0.5583756566047668 12
1744397560622 0.5634517669677734 13
1744397560632 0.5888324975967407 14
1744397560641 0.5939086079597473 15
1744397560651 0.5786802172660828 16
1744397560661 0.5736040472984314 17
1744397560671 0.5634517669677734 18
1744397560681 0.5786802172660828 19
1744397560690 0.5736040472984314 20
1744397560699 0.5786802172660828 21
1744397560708 0.5634517669677734 22
1744397560718 0.5736040472984314 23
1744397560728 0.5583756566047668 24
1744397560737 0.5583756566047668 25
