1744368025617 0.691216230392456 0
1744368025627 0.6900396347045898 1
1744368025637 0.6892871856689453 2
1744368025647 0.6873247027397156 3
1744368025656 0.6861034631729126 4
1744368025666 0.6837713718414307 5
1744368025675 0.6825700402259827 6
1744368025685 0.6824766993522644 7
1744368025694 0.6804077625274658 8
1744368025702 0.6767574548721313 9
1744368025712 0.6798564791679382 10
1744368025721 0.6748344898223877 11
1744368025730 0.6730386018753052 12
1744368025738 0.674268364906311 13
1744368025747 0.6743496060371399 14
1744368025757 0.6733089685440063 15
