1744368025611 0.5736040472984314 0
1744368025622 0.6040608882904053 1
1744368025632 0.5634517669677734 2
1744368025642 0.5685279369354248 3
1744368025652 0.5583756566047668 4
1744368025661 0.5786802172660828 5
1744368025671 0.5736040472984314 6
1744368025680 0.5786802172660828 7
1744368025690 0.5685279369354248 8
1744368025698 0.5685279369354248 9
1744368025707 0.5583756566047668 10
1744368025716 0.5685279369354248 11
1744368025725 0.5685279369354248 12
1744368025734 0.5736040472984314 13
1744368025742 0.5736040472984314 14
1744368025753 0.5786802172660828 15
