1744886951003 0.6928220987319946 0
1744886951016 0.6889875531196594 1
1744886951029 0.6851481795310974 2
1744886951040 0.6810226440429688 3
1744886951051 0.6778253316879272 4
1744886951061 0.6757175922393799 5
1744886951070 0.6717504262924194 6
1744886951079 0.6700347065925598 7
1744886951088 0.6641443371772766 8
1744886951097 0.6678332090377808 9
1744886951106 0.6603665351867676 10
1744886951115 0.6647729873657227 11
1744886951124 0.655375599861145 12
1744886951134 0.6567015647888184 13
1744886951143 0.6576998233795166 14
1744886951151 0.6556554436683655 15
1744886951161 0.6579544544219971 16
1744886951169 0.6554456353187561 17
1744886951178 0.6517603993415833 18
1744886951186 0.6506029367446899 19
1744886951195 0.6496312022209167 20
1744886951203 0.6518952250480652 21
1744886951212 0.6514183878898621 22
1744886951220 0.6506152153015137 23
1744886951229 0.6485957503318787 24
1744886951237 0.6540413498878479 25
1744886951245 0.6497218608856201 26
1744886951254 0.6451594829559326 27
