1744886950996 0.5306122303009033 0
1744886951009 0.581632673740387 1
1744886951022 0.5918367505073547 2
1744886951034 0.581632673740387 3
1744886951045 0.5918367505073547 4
1744886951056 0.5918367505073547 5
1744886951065 0.5714285969734192 6
1744886951075 0.5969387888908386 7
1744886951083 0.5969387888908386 8
1744886951092 0.6020408272743225 9
1744886951101 0.6122449040412903 10
1744886951110 0.6071428656578064 11
1744886951120 0.6224489808082581 12
1744886951129 0.6020408272743225 13
1744886951138 0.5918367505073547 14
1744886951147 0.5867347121238708 15
1744886951156 0.6020408272743225 16
1744886951165 0.581632673740387 17
1744886951174 0.6071428656578064 18
1744886951182 0.6122449040412903 19
1744886951191 0.6173469424247742 20
1744886951199 0.5969387888908386 21
1744886951208 0.5969387888908386 22
1744886951216 0.6071428656578064 23
1744886951224 0.5969387888908386 24
1744886951233 0.6122449040412903 25
1744886951241 0.5969387888908386 26
1744886951250 0.6377550959587097 27
