1744886240303 0.692131757736206 0
1744886240311 0.6923291683197021 1
1744886240318 0.6914202570915222 2
1744886240326 0.6909960508346558 3
1744886240333 0.6903220415115356 4
1744886240342 0.6894501447677612 5
1744886240350 0.689606249332428 6
1744886240358 0.688403308391571 7
1744886240367 0.6875706315040588 8
1744886240375 0.6873252987861633 9
1744886240383 0.6872464418411255 10
1744886240391 0.6866358518600464 11
1744886240399 0.6859011650085449 12
1744886240411 0.6851346492767334 13
1744886240420 0.6846237182617188 14
1744886240428 0.6844667196273804 15
1744886240436 0.683784008026123 16
1744886240444 0.6837365031242371 17
1744886240452 0.6821712851524353 18
1744886240461 0.6820815205574036 19
1744886240469 0.680808424949646 20
1744886240477 0.68084317445755 21
1744886240485 0.679070770740509 22
1744886240493 0.6785932183265686 23
1744886240501 0.6784126162528992 24
1744886240508 0.6777758598327637 25
1744886240517 0.6770055890083313 26
1744886240525 0.6750494241714478 27
1744886240533 0.6747413873672485 28
1744886240540 0.6754030585289001 29
