1744886240299 0.5255101919174194 0
1744886240307 0.5357142686843872 1
1744886240315 0.6122449040412903 2
1744886240322 0.5663265585899353 3
1744886240329 0.6071428656578064 4
1744886240337 0.6224489808082581 5
1744886240345 0.6173469424247742 6
1744886240354 0.6122449040412903 7
1744886240363 0.6224489808082581 8
1744886240371 0.6326530575752258 9
1744886240378 0.6071428656578064 10
1744886240387 0.6020408272743225 11
1744886240395 0.6173469424247742 12
1744886240407 0.6122449040412903 13
1744886240415 0.5867347121238708 14
1744886240424 0.6224489808082581 15
1744886240432 0.6122449040412903 16
1744886240440 0.6071428656578064 17
1744886240448 0.6122449040412903 18
1744886240457 0.6071428656578064 19
1744886240465 0.6122449040412903 20
1744886240473 0.6020408272743225 21
1744886240481 0.6173469424247742 22
1744886240489 0.5867347121238708 23
1744886240497 0.6326530575752258 24
1744886240505 0.6020408272743225 25
1744886240512 0.6122449040412903 26
1744886240521 0.6020408272743225 27
1744886240529 0.6020408272743225 28
1744886240536 0.6020408272743225 29
