1743762634298 0.3913043439388275 0
1743762634313 0.3913043439388275 1
1743762634329 0.3913043439388275 2
1743762634342 0.3913043439388275 3
1743762634361 0.52173912525177 4
1743762634384 0.6086956262588501 5
1743762634404 0.6086956262588501 6
1743762634419 0.6521739363670349 7
1743762634435 0.695652186870575 8
1743762634449 0.695652186870575 9
1743762634464 0.695652186870575 10
1743762634479 0.695652186870575 11
1743762634494 0.695652186870575 12
1743762634506 0.695652186870575 13
1743762634519 0.695652186870575 14
1743762634532 0.695652186870575 15
1743762634546 0.695652186870575 16
