1743762634307 0.7186046838760376 0
1743762634321 0.7068294882774353 1
1743762634336 0.6976901888847351 2
1743762634348 0.6885121464729309 3
1743762634374 0.6788018345832825 4
1743762634395 0.6715655326843262 5
1743762634412 0.664124608039856 6
1743762634428 0.6555705070495605 7
1743762634443 0.6513288021087646 8
1743762634458 0.6446609497070312 9
1743762634471 0.6390938758850098 10
1743762634486 0.6317906379699707 11
1743762634500 0.628274142742157 12
1743762634513 0.6233917474746704 13
1743762634526 0.6190006136894226 14
1743762634539 0.614467203617096 15
1743762634553 0.6104634404182434 16
