1744711573313 0.4263959527015686 0
1744711573323 0.4822334945201874 1
1744711573332 0.5482233762741089 2
1744711573340 0.5380710363388062 3
1744711573349 0.5126903653144836 4
1744711573360 0.5482233762741089 5
1744711573369 0.6040608882904053 6
1744711573378 0.5888324975967407 7
1744711573387 0.5837563276290894 8
1744711573395 0.5736040472984314 9
1744711573402 0.6040608882904053 10
1744711573410 0.6040608882904053 11
1744711573419 0.5837563276290894 12
1744711573429 0.5786802172660828 13
1744711573438 0.5634517669677734 14
