1744886161236 0.6930409073829651 0
1744886161245 0.6924212574958801 1
1744886161257 0.6924433708190918 2
1744886161266 0.6921473145484924 3
1744886161276 0.6911386847496033 4
1744886161284 0.6917106509208679 5
1744886161293 0.6914305686950684 6
1744886161301 0.6900448203086853 7
1744886161309 0.6910054683685303 8
1744886161317 0.690018892288208 9
1744886161325 0.689296305179596 10
1744886161333 0.688810408115387 11
1744886161341 0.6886846423149109 12
1744886161349 0.689308762550354 13
1744886161358 0.6880927681922913 14
1744886161366 0.6878589987754822 15
1744886161375 0.6877195239067078 16
1744886161383 0.6871289014816284 17
1744886161392 0.6870152354240417 18
