1744282264073 0.5102040767669678 0
1744282264084 0.4948979616165161 1
1744282264093 0.5306122303009033 2
1744282264117 0.5612244606018066 3
1744282264128 0.5510203838348389 4
1744282264139 0.545918345451355 5
1744282264148 0.5408163070678711 6
1744282264157 0.4948979616165161 7
1744282264167 0.5510203838348389 8
1744282264176 0.5867347121238708 9
1744282264185 0.5357142686843872 10
1744282264194 0.5867347121238708 11
1744282264203 0.5867347121238708 12
1744282264211 0.5765306353569031 13
1744282264220 0.5765306353569031 14
1744282264229 0.5663265585899353 15
1744282264238 0.5714285969734192 16
1744282264246 0.5765306353569031 17
1744282264255 0.5561224222183228 18
1744282264263 0.5714285969734192 19
1744282264272 0.5255101919174194 20
1744282264280 0.5408163070678711 21
1744282264288 0.5918367505073547 22
1744282264295 0.5357142686843872 23
1744282264304 0.5867347121238708 24
1744282264311 0.5714285969734192 25
1744282264319 0.5663265585899353 26
1744282264327 0.5714285969734192 27
1744282264336 0.5714285969734192 28
1744282264344 0.5510203838348389 29
