1744282264079 0.6924995183944702 0
1744282264088 0.7050194144248962 1
1744282264098 0.7057072520256042 2
1744282264122 0.689055323600769 3
1744282264133 0.7016580700874329 4
1744282264143 0.6924691200256348 5
1744282264152 0.6863769292831421 6
1744282264162 0.7093930840492249 7
1744282264172 0.6855969429016113 8
1744282264181 0.6738279461860657 9
1744282264189 0.6934359073638916 10
1744282264198 0.6906992793083191 11
1744282264207 0.6780481934547424 12
1744282264216 0.6904268264770508 13
1744282264224 0.6786966323852539 14
1744282264233 0.6837722063064575 15
1744282264242 0.6719374656677246 16
1744282264250 0.683397650718689 17
1744282264259 0.6823702454566956 18
1744282264267 0.6714057922363281 19
1744282264276 0.6925641298294067 20
1744282264284 0.6854228377342224 21
1744282264291 0.6794191598892212 22
1744282264300 0.6945770978927612 23
1744282264308 0.6623433232307434 24
1744282264315 0.6687902212142944 25
1744282264323 0.6766908764839172 26
1744282264332 0.668451726436615 27
1744282264340 0.6724746823310852 28
1744282264348 0.6893200874328613 29
