1744712767685 0.5177664756774902 0
1744712767698 0.5685279369354248 1
1744712767710 0.5837563276290894 2
1744712767721 0.5837563276290894 3
1744712767741 0.5685279369354248 4
1744712767752 0.5736040472984314 5
1744712767763 0.5837563276290894 6
1744712767775 0.5685279369354248 7
1744712767787 0.5786802172660828 8
1744712767798 0.5786802172660828 9
1744712767812 0.5634517669677734 10
1744712767829 0.5685279369354248 11
1744712767842 0.5634517669677734 12
1744712767853 0.5736040472984314 13
1744712767865 0.5634517669677734 14
1744712767879 0.5736040472984314 15
1744712767892 0.5736040472984314 16
1744712767903 0.5736040472984314 17
1744712767915 0.5736040472984314 18
1744712767926 0.5786802172660828 19
1744712767938 0.5837563276290894 20
1744712767949 0.5888324975967407 21
1744712767961 0.5786802172660828 22
1744712767973 0.5685279369354248 23
1744712767984 0.5837563276290894 24
