1744712767692 0.6925665140151978 0
1744712767704 0.6911907196044922 1
1744712767715 0.6911510825157166 2
1744712767735 0.6902620792388916 3
1744712767746 0.6882390975952148 4
1744712767758 0.688158392906189 5
1744712767769 0.6868852972984314 6
1744712767781 0.6866064667701721 7
1744712767792 0.6849691271781921 8
1744712767806 0.6854693293571472 9
1744712767824 0.6848045587539673 10
1744712767835 0.6843125224113464 11
1744712767848 0.6818316578865051 12
1744712767859 0.6825341582298279 13
1744712767871 0.6815985441207886 14
1744712767886 0.6809289455413818 15
1744712767898 0.6782556772232056 16
1744712767909 0.6772311925888062 17
1744712767921 0.6770743131637573 18
1744712767932 0.676232099533081 19
1744712767944 0.6743783950805664 20
1744712767955 0.674808919429779 21
1744712767967 0.6729788780212402 22
1744712767978 0.6740210056304932 23
1744712767990 0.6748093366622925 24
