1744713064355 0.4314720928668976 0
1744713064374 0.5177664756774902 1
1744713064396 0.4517766535282135 2
1744713064418 0.4822334945201874 3
1744713064451 0.4771573543548584 4
1744713064472 0.4720812141895294 5
1744713064491 0.5126903653144836 6
1744713064510 0.5228426456451416 7
1744713064532 0.5685279369354248 8
1744713064559 0.5431472063064575 9
1744713064581 0.5025380849838257 10
1744713064602 0.5736040472984314 11
1744713064621 0.5228426456451416 12
1744713064637 0.5126903653144836 13
1744713064652 0.5228426456451416 14
1744713064666 0.5431472063064575 15
1744713064678 0.5532994866371155 16
1744713064689 0.5786802172660828 17
1744713064700 0.5583756566047668 18
1744713064712 0.5685279369354248 19
1744713064724 0.5532994866371155 20
1744713064737 0.5482233762741089 21
1744713064749 0.5329949259757996 22
1744713064762 0.5685279369354248 23
1744713064774 0.5532994866371155 24
1744713064786 0.5888324975967407 25
1744713064797 0.5837563276290894 26
1744713064809 0.5736040472984314 27
1744713064821 0.5329949259757996 28
1744713064832 0.5583756566047668 29
