1744713064364 0.6941638588905334 0
1744713064383 0.6933014988899231 1
1744713064410 0.6944119334220886 2
1744713064425 0.6935685873031616 3
1744713064462 0.6937252879142761 4
1744713064480 0.6938582062721252 5
1744713064502 0.6928836703300476 6
1744713064519 0.6922798752784729 7
1744713064550 0.6930128931999207 8
1744713064574 0.6930699348449707 9
1744713064593 0.6934449672698975 10
1744713064611 0.6921958327293396 11
1744713064629 0.6925016045570374 12
1744713064644 0.6927153468132019 13
1744713064660 0.692636251449585 14
1744713064672 0.693032443523407 15
1744713064683 0.6904803514480591 16
1744713064695 0.6915329694747925 17
1744713064706 0.6928196549415588 18
1744713064719 0.6910418272018433 19
1744713064731 0.6909635066986084 20
1744713064743 0.6926334500312805 21
1744713064756 0.6909646987915039 22
1744713064768 0.6917515397071838 23
1744713064780 0.6917929649353027 24
1744713064792 0.6910980343818665 25
1744713064803 0.6908710598945618 26
1744713064815 0.690004289150238 27
1744713064826 0.6917644143104553 28
1744713064838 0.6891229152679443 29
