1744712706926 0.4517766535282135 0
1744712706943 0.48730963468551636 1
1744712706956 0.5177664756774902 2
1744712706970 0.5431472063064575 3
1744712706983 0.5583756566047668 4
1744712706996 0.5583756566047668 5
1744712707010 0.5888324975967407 6
1744712707023 0.5736040472984314 7
1744712707036 0.5786802172660828 8
1744712707048 0.5685279369354248 9
1744712707061 0.5685279369354248 10
1744712707074 0.5685279369354248 11
1744712707088 0.5583756566047668 12
1744712707106 0.5786802172660828 13
1744712707153 0.5685279369354248 14
1744712707170 0.5837563276290894 15
1744712707183 0.5888324975967407 16
1744712707196 0.5837563276290894 17
1744712707210 0.5989847779273987 18
1744712707223 0.5736040472984314 19
1744712707237 0.5583756566047668 20
1744712707251 0.5786802172660828 21
1744712707264 0.5888324975967407 22
1744712707278 0.5736040472984314 23
1744712707290 0.5989847779273987 24
1744712707302 0.5888324975967407 25
1744712707314 0.5786802172660828 26
1744712707326 0.5989847779273987 27
