1744712706936 0.694039523601532 0
1744712706949 0.6927573084831238 1
1744712706963 0.6932582855224609 2
1744712706976 0.6925757527351379 3
1744712706990 0.6925771236419678 4
1744712707003 0.6919527649879456 5
1744712707017 0.6915585994720459 6
1744712707029 0.6914491057395935 7
1744712707042 0.6912893056869507 8
1744712707055 0.6907451152801514 9
1744712707068 0.6900311708450317 10
1744712707081 0.6900916695594788 11
1744712707095 0.6894708871841431 12
1744712707138 0.6891831159591675 13
1744712707162 0.6891617178916931 14
1744712707176 0.6889878511428833 15
1744712707190 0.6875194907188416 16
1744712707203 0.68747878074646 17
1744712707217 0.6871158480644226 18
1744712707230 0.6865867376327515 19
1744712707244 0.6866586804389954 20
1744712707258 0.686411440372467 21
1744712707271 0.6856346130371094 22
1744712707285 0.6855614185333252 23
1744712707296 0.6845835447311401 24
1744712707308 0.6842562556266785 25
1744712707320 0.6842114329338074 26
1744712707331 0.6837877631187439 27
