1744881743655 0.692842960357666 0
1744881743669 0.6899199485778809 1
1744881743682 0.687522292137146 2
1744881743696 0.6853557825088501 3
1744881743714 0.6825514435768127 4
1744881743729 0.6778129935264587 5
1744881743743 0.6757711172103882 6
1744881743758 0.6734883189201355 7
1744881743773 0.6700444221496582 8
1744881743788 0.6697501540184021 9
1744881743803 0.6717548370361328 10
1744881743818 0.6647207140922546 11
1744881743835 0.6600503921508789 12
1744881743850 0.6598114371299744 13
1744881743865 0.6577539443969727 14
1744881743879 0.6565842032432556 15
1744881743902 0.6582412123680115 16
1744881743916 0.6470302939414978 17
1744881743930 0.655078113079071 18
1744881743944 0.650743842124939 19
1744881743957 0.648277759552002 20
1744881743971 0.6424118876457214 21
1744881743984 0.6434646248817444 22
1744881743996 0.6430266499519348 23
1744881744009 0.6347292065620422 24
1744881744021 0.6593095064163208 25
1744881744034 0.6335843205451965 26
1744881744046 0.6436628699302673 27
1744881744059 0.6395363807678223 28
1744881744071 0.6232065558433533 29
