1744881743648 0.5126903653144836 0
1744881743662 0.5634517669677734 1
1744881743675 0.5685279369354248 2
1744881743689 0.5634517669677734 3
1744881743703 0.5685279369354248 4
1744881743722 0.5685279369354248 5
1744881743736 0.5634517669677734 6
1744881743750 0.5685279369354248 7
1744881743766 0.5786802172660828 8
1744881743781 0.5786802172660828 9
1744881743795 0.5989847779273987 10
1744881743810 0.624365508556366 11
1744881743828 0.5939086079597473 12
1744881743842 0.6192893385887146 13
1744881743857 0.5989847779273987 14
1744881743871 0.6345177888870239 15
1744881743889 0.624365508556366 16
1744881743909 0.624365508556366 17
1744881743923 0.6497461795806885 18
1744881743938 0.6446700692176819 19
1744881743951 0.6395938992500305 20
1744881743965 0.6598984599113464 21
1744881743978 0.6446700692176819 22
1744881743990 0.624365508556366 23
1744881744002 0.6497461795806885 24
1744881744015 0.6294416189193726 25
1744881744027 0.6548223495483398 26
1744881744040 0.6598984599113464 27
1744881744053 0.6548223495483398 28
1744881744065 0.6649746298789978 29
