1744881662660 0.5329949259757996 0
1744881662679 0.5583756566047668 1
1744881662693 0.5685279369354248 2
1744881662711 0.5634517669677734 3
1744881662725 0.5634517669677734 4
1744881662739 0.5634517669677734 5
1744881662753 0.5634517669677734 6
1744881662767 0.5685279369354248 7
1744881662781 0.5685279369354248 8
1744881662795 0.5634517669677734 9
1744881662809 0.5583756566047668 10
1744881662822 0.5685279369354248 11
1744881662836 0.5685279369354248 12
1744881662850 0.6192893385887146 13
1744881662864 0.5685279369354248 14
1744881662878 0.5786802172660828 15
1744881662892 0.5989847779273987 16
1744881662906 0.5736040472984314 17
1744881662920 0.6040608882904053 18
