1744881662668 0.6928237080574036 0
1744881662687 0.6906497478485107 1
1744881662704 0.6877925992012024 2
1744881662718 0.6885234117507935 3
1744881662732 0.6868074536323547 4
1744881662746 0.6829624176025391 5
1744881662760 0.6807872653007507 6
1744881662774 0.6799006462097168 7
1744881662788 0.6797012090682983 8
1744881662802 0.6806232333183289 9
1744881662816 0.6841433644294739 10
1744881662829 0.672576367855072 11
1744881662843 0.6811686158180237 12
1744881662857 0.6684702038764954 13
1744881662871 0.6750949025154114 14
1744881662885 0.6720590591430664 15
1744881662899 0.676440954208374 16
1744881662913 0.6675741076469421 17
1744881662927 0.6637589335441589 18
