1744279754884 0.5357142686843872 0
1744279754902 0.5612244606018066 1
1744279754915 0.5867347121238708 2
1744279754925 0.5612244606018066 3
1744279754940 0.5765306353569031 4
1744279754951 0.5765306353569031 5
1744279754962 0.5918367505073547 6
1744279754973 0.5969387888908386 7
1744279754987 0.5510203838348389 8
1744279755000 0.5612244606018066 9
1744279755018 0.5714285969734192 10
1744279755034 0.581632673740387 11
1744279755046 0.5561224222183228 12
1744279755061 0.581632673740387 13
1744279755072 0.5408163070678711 14
1744279755083 0.5765306353569031 15
1744279755096 0.545918345451355 16
1744279755109 0.545918345451355 17
1744279755121 0.5612244606018066 18
1744279755133 0.5663265585899353 19
1744279755145 0.5918367505073547 20
1744279755157 0.5561224222183228 21
1744279755167 0.5765306353569031 22
1744279755179 0.581632673740387 23
1744279755191 0.545918345451355 24
1744279755201 0.5255101919174194 25
1744279755211 0.6275510191917419 26
1744279755222 0.5357142686843872 27
1744279755234 0.5510203838348389 28
1744279755245 0.5969387888908386 29
