1744279754896 0.6992909908294678 0
1744279754909 0.6874536275863647 1
1744279754920 0.6866394877433777 2
1744279754934 0.6891167163848877 3
1744279754946 0.6835293173789978 4
1744279754957 0.6892395615577698 5
1744279754967 0.6856274604797363 6
1744279754980 0.6763592958450317 7
1744279754993 0.6770659685134888 8
1744279755006 0.6798746585845947 9
1744279755025 0.6791743636131287 10
1744279755040 0.6849497556686401 11
1744279755052 0.6763613820075989 12
1744279755067 0.6793837547302246 13
1744279755078 0.6814618110656738 14
1744279755089 0.6747006177902222 15
1744279755103 0.6794634461402893 16
1744279755115 0.6752552390098572 17
1744279755127 0.6798837780952454 18
1744279755139 0.6813668012619019 19
1744279755151 0.6721979975700378 20
1744279755162 0.6770913004875183 21
1744279755172 0.6773611307144165 22
1744279755186 0.6745212078094482 23
1744279755196 0.6820161938667297 24
1744279755206 0.6890568137168884 25
1744279755217 0.6679283976554871 26
1744279755229 0.6756210923194885 27
1744279755240 0.6763506531715393 28
1744279755250 0.6785827279090881 29
