1744713023896 0.43654823303222656 0
1744713023915 0.5228426456451416 1
1744713023934 0.5888324975967407 2
1744713023954 0.5482233762741089 3
1744713023968 0.5786802172660828 4
1744713023983 0.5786802172660828 5
1744713023996 0.5786802172660828 6
1744713024008 0.5634517669677734 7
1744713024020 0.5634517669677734 8
1744713024034 0.5989847779273987 9
1744713024047 0.5786802172660828 10
1744713024060 0.6040608882904053 11
1744713024076 0.5989847779273987 12
1744713024089 0.5888324975967407 13
1744713024114 0.5888324975967407 14
1744713024133 0.5634517669677734 15
1744713024149 0.5837563276290894 16
1744713024165 0.5989847779273987 17
1744713024180 0.5685279369354248 18
1744713024196 0.6040608882904053 19
1744713024212 0.5736040472984314 20
1744713024227 0.5786802172660828 21
