1744713023906 0.6938949823379517 0
1744713023923 0.6928731203079224 1
1744713023948 0.6920062303543091 2
1744713023960 0.6908009052276611 3
1744713023975 0.6906648278236389 4
1744713023990 0.6886100172996521 5
1744713024001 0.6897968649864197 6
1744713024014 0.6881667971611023 7
1744713024027 0.6878532767295837 8
1744713024040 0.6859303712844849 9
1744713024053 0.6862280964851379 10
1744713024067 0.6849496960639954 11
1744713024083 0.6853327751159668 12
1744713024097 0.6847387552261353 13
1744713024125 0.6826688647270203 14
1744713024141 0.6824359893798828 15
1744713024156 0.6825037002563477 16
1744713024172 0.6826092600822449 17
1744713024188 0.680479884147644 18
1744713024204 0.6789426803588867 19
1744713024220 0.6798707842826843 20
1744713024235 0.6773990392684937 21
