1744279814375 0.7038434743881226 0
1744279814389 0.7232357859611511 1
1744279814404 0.689727246761322 2
1744279814427 0.7094530463218689 3
1744279814442 0.699578583240509 4
1744279814458 0.697267472743988 5
1744279814473 0.6871485114097595 6
1744279814487 0.6947776675224304 7
1744279814503 0.6887661814689636 8
1744279814516 0.6964176893234253 9
1744279814529 0.6906279921531677 10
1744279814543 0.6863453388214111 11
1744279814556 0.6804327964782715 12
1744279814569 0.6864095330238342 13
1744279814582 0.6820806264877319 14
1744279814595 0.6819309592247009 15
1744279814608 0.6916079521179199 16
1744279814622 0.6781781911849976 17
1744279814636 0.6871724128723145 18
1744279814650 0.6849298477172852 19
1744279814674 0.6887059211730957 20
1744279814688 0.6845518350601196 21
1744279814701 0.688085675239563 22
1744279814715 0.6943288445472717 23
