1744279814368 0.5 0
1744279814383 0.4642857015132904 1
1744279814397 0.5561224222183228 2
1744279814420 0.4336734712123871 3
1744279814435 0.47959184646606445 4
1744279814450 0.5510203838348389 5
1744279814466 0.5153061151504517 6
1744279814479 0.5204081535339355 7
1744279814495 0.5255101919174194 8
1744279814509 0.5510203838348389 9
1744279814522 0.5306122303009033 10
1744279814536 0.5306122303009033 11
1744279814549 0.5510203838348389 12
1744279814562 0.5102040767669678 13
1744279814576 0.545918345451355 14
1744279814589 0.5714285969734192 15
1744279814601 0.4897959232330322 16
1744279814616 0.5765306353569031 17
1744279814629 0.5663265585899353 18
1744279814643 0.5561224222183228 19
1744279814667 0.5510203838348389 20
1744279814681 0.4948979616165161 21
1744279814695 0.5357142686843872 22
1744279814708 0.5918367505073547 23
