1744367767847 0.6927282810211182 0
1744367767858 0.6921996474266052 1
1744367767868 0.6917258501052856 2
1744367767877 0.6913922429084778 3
1744367767888 0.6909151673316956 4
1744367767898 0.6904358267784119 5
1744367767907 0.6900865435600281 6
1744367767917 0.6895707249641418 7
1744367767926 0.6891260147094727 8
1744367767936 0.6887457966804504 9
1744367767945 0.6883118152618408 10
1744367767953 0.6878277659416199 11
1744367767962 0.6874760389328003 12
1744367767970 0.6869807243347168 13
1744367767979 0.6865713000297546 14
