1744400980903 0.4791666567325592 0
1744400980922 0.5416666865348816 1
1744400980934 0.6302083134651184 2
1744400980944 0.65625 3
1744400980954 0.6145833134651184 4
1744400980965 0.65625 5
1744400980975 0.671875 6
1744400980985 0.671875 7
1744400980995 0.6458333134651184 8
1744400981014 0.6458333134651184 9
1744400981025 0.6510416865348816 10
1744400981035 0.6510416865348816 11
1744400981044 0.671875 12
1744400981053 0.671875 13
1744400981062 0.65625 14
1744400981070 0.6614583134651184 15
1744400981080 0.6770833134651184 16
1744400981088 0.6770833134651184 17
1744400981097 0.6614583134651184 18
1744400981106 0.6614583134651184 19
1744400981115 0.6927083134651184 20
