1744400980914 0.6837158203125 0
1744400980928 0.664279043674469 1
1744400980939 0.6554990410804749 2
1744400980949 0.6462405323982239 3
1744400980960 0.6456370949745178 4
1744400980970 0.6416880488395691 5
1744400980980 0.6405143141746521 6
1744400980990 0.6409125328063965 7
1744400981000 0.6391923427581787 8
1744400981020 0.636023998260498 9
1744400981030 0.6335862278938293 10
1744400981039 0.6316063404083252 11
1744400981048 0.6302081346511841 12
1744400981057 0.6315112113952637 13
1744400981066 0.6271155476570129 14
1744400981075 0.6207309365272522 15
1744400981084 0.6166939735412598 16
1744400981093 0.6103677749633789 17
1744400981102 0.6060796976089478 18
1744400981110 0.6019771099090576 19
1744400981120 0.59905606508255 20
