1744886231491 0.5714285969734192 0
1744886231502 0.5918367505073547 1
1744886231513 0.6071428656578064 2
1744886231522 0.6122449040412903 3
1744886231534 0.6122449040412903 4
1744886231545 0.6071428656578064 5
1744886231562 0.5918367505073547 6
1744886231573 0.6224489808082581 7
1744886231584 0.6071428656578064 8
1744886231594 0.6428571343421936 9
1744886231604 0.6173469424247742 10
1744886231615 0.6071428656578064 11
1744886231624 0.6275510191917419 12
1744886231634 0.6224489808082581 13
1744886231643 0.6173469424247742 14
1744886231652 0.6275510191917419 15
1744886231660 0.6326530575752258 16
1744886231669 0.6224489808082581 17
1744886231678 0.5969387888908386 18
1744886231686 0.6020408272743225 19
