1744886231497 0.6915285587310791 0
1744886231508 0.6877406239509583 1
1744886231518 0.6855603456497192 2
1744886231528 0.6824842691421509 3
1744886231540 0.6792407035827637 4
1744886231554 0.6751527786254883 5
1744886231567 0.6715990304946899 6
1744886231578 0.6695457100868225 7
1744886231589 0.6674690842628479 8
1744886231599 0.6616799235343933 9
1744886231610 0.6633008122444153 10
1744886231620 0.659747838973999 11
1744886231630 0.6577227711677551 12
1744886231639 0.6546765565872192 13
1744886231648 0.6576407551765442 14
1744886231656 0.6512343883514404 15
1744886231665 0.6545150279998779 16
1744886231674 0.6534867286682129 17
1744886231682 0.6537951827049255 18
1744886231691 0.6491255760192871 19
