1744367945447 0.6927577257156372 0
1744367945465 0.6926296353340149 1
1744367945475 0.6921001672744751 2
1744367945484 0.6918653249740601 3
1744367945493 0.6917523741722107 4
1744367945502 0.6913620233535767 5
1744367945511 0.6917440295219421 6
1744367945520 0.691260039806366 7
1744367945530 0.6907395124435425 8
1744367945539 0.6905379891395569 9
1744367945548 0.6902502775192261 10
1744367945557 0.6905204653739929 11
1744367945567 0.689637303352356 12
1744367945577 0.6894484758377075 13
1744367945586 0.6897931694984436 14
1744367945595 0.6887102723121643 15
