1743763507490 0.6086956262588501 0
1743763507502 0.6086956262588501 1
1743763507511 0.6086956262588501 2
1743763507520 0.6086956262588501 3
1743763507530 0.6086956262588501 4
1743763507539 0.6521739363670349 5
1743763507548 0.52173912525177 6
1743763507557 0.695652186870575 7
1743763507566 0.6521739363670349 8
1743763507574 0.695652186870575 9
1743763507583 0.5652173757553101 10
1743763507592 0.6521739363670349 11
1743763507600 0.6521739363670349 12
1743763507608 0.739130437374115 13
1743763507617 0.6086956262588501 14
1743763507625 0.6521739363670349 15
1743763507634 0.695652186870575 16
1743763507642 0.739130437374115 17
