1744281850951 0.7232454419136047 0
1744281850961 0.7205020189285278 1
1744281850971 0.7176327109336853 2
1744281850982 0.7155494689941406 3
1744281850991 0.7131825685501099 4
1744281851001 0.7112480998039246 5
1744281851010 0.7092915773391724 6
1744281851020 0.7080134153366089 7
1744281851030 0.706678569316864 8
1744281851041 0.7047854661941528 9
1744281851052 0.7032183408737183 10
1744281851064 0.701696515083313 11
1744281851075 0.7004529237747192 12
1744281851085 0.6988239884376526 13
1744281851099 0.6977313160896301 14
1744281851113 0.6967396140098572 15
1744281851124 0.69577556848526 16
1744281851137 0.6949573159217834 17
1744281851147 0.6940375566482544 18
1744281851159 0.6932416558265686 19
1744281851171 0.692319929599762 20
1744281851182 0.6914472579956055 21
1744281851193 0.6907156109809875 22
1744281851203 0.6898512840270996 23
1744281851213 0.6891053915023804 24
1744281851223 0.6884050369262695 25
1744281851234 0.6877284049987793 26
