1744281850945 0.4693877696990967 0
1744281850957 0.4642857015132904 1
1744281850967 0.47448980808258057 2
1744281850977 0.4948979616165161 3
1744281850987 0.48469388484954834 4
1744281850996 0.48469388484954834 5
1744281851005 0.5051020383834839 6
1744281851014 0.5 7
1744281851026 0.5 8
1744281851036 0.4948979616165161 9
1744281851046 0.4948979616165161 10
1744281851059 0.5 11
1744281851070 0.5051020383834839 12
1744281851080 0.5255101919174194 13
1744281851093 0.5306122303009033 14
1744281851106 0.5306122303009033 15
1744281851119 0.5306122303009033 16
1744281851129 0.5357142686843872 17
1744281851142 0.5408163070678711 18
1744281851152 0.545918345451355 19
1744281851165 0.5561224222183228 20
1744281851177 0.5765306353569031 21
1744281851187 0.5867347121238708 22
1744281851198 0.5867347121238708 23
1744281851208 0.5867347121238708 24
1744281851217 0.581632673740387 25
1744281851229 0.5765306353569031 26
