1744881957110 0.4720812141895294 0
1744881957124 0.5685279369354248 1
1744881957137 0.5634517669677734 2
1744881957149 0.5634517669677734 3
1744881957162 0.5634517669677734 4
1744881957184 0.5634517669677734 5
1744881957196 0.5583756566047668 6
1744881957208 0.5736040472984314 7
1744881957220 0.5634517669677734 8
1744881957233 0.6040608882904053 9
1744881957246 0.5939086079597473 10
1744881957263 0.6091370582580566 11
1744881957276 0.5989847779273987 12
1744881957292 0.6192893385887146 13
1744881957308 0.6294416189193726 14
1744881957319 0.624365508556366 15
1744881957332 0.6345177888870239 16
1744881957345 0.6345177888870239 17
1744881957358 0.6395938992500305 18
1744881957372 0.6395938992500305 19
1744881957387 0.6548223495483398 20
1744881957403 0.6040608882904053 21
1744881957416 0.6294416189193726 22
1744881957429 0.6446700692176819 23
1744881957442 0.624365508556366 24
1744881957455 0.6345177888870239 25
1744881957467 0.6345177888870239 26
1744881957479 0.6548223495483398 27
1744881957491 0.6345177888870239 28
1744881957502 0.6598984599113464 29
