1744881957117 0.6932332515716553 0
1744881957131 0.6910985708236694 1
1744881957143 0.688943088054657 2
1744881957155 0.6862797737121582 3
1744881957177 0.683586835861206 4
1744881957190 0.681571900844574 5
1744881957202 0.6784005761146545 6
1744881957214 0.6743691563606262 7
1744881957227 0.6723713278770447 8
1744881957240 0.6653897166252136 9
1744881957253 0.6652289032936096 10
1744881957270 0.6659266948699951 11
1744881957283 0.6647440195083618 12
1744881957301 0.6587255597114563 13
1744881957314 0.6574013829231262 14
1744881957325 0.6526890993118286 15
1744881957339 0.6548019051551819 16
1744881957352 0.6484450697898865 17
1744881957365 0.6513739824295044 18
1744881957381 0.6509372591972351 19
1744881957397 0.6395424604415894 20
1744881957410 0.6521152257919312 21
1744881957422 0.6582602858543396 22
1744881957436 0.654075562953949 23
1744881957449 0.6493934988975525 24
1744881957461 0.638903796672821 25
1744881957473 0.6474769115447998 26
1744881957485 0.6451396942138672 27
1744881957496 0.6441096663475037 28
1744881957509 0.6438146829605103 29
