1743763519482 0.6597673296928406 0
1743763519493 0.6544578671455383 1
1743763519502 0.6492138504981995 2
1743763519511 0.6444932222366333 3
1743763519520 0.6404012441635132 4
1743763519530 0.6366468667984009 5
1743763519540 0.6332455277442932 6
1743763519550 0.6300521492958069 7
1743763519560 0.6269590854644775 8
1743763519569 0.6238753795623779 9
1743763519579 0.6209365129470825 10
1743763519589 0.6182481050491333 11
1743763519599 0.6156815886497498 12
1743763519608 0.6133377552032471 13
1743763519617 0.6111284494400024 14
1743763519627 0.6089581251144409 15
1743763519636 0.6068568229675293 16
1743763519645 0.6048619747161865 17
1743763519653 0.6029252409934998 18
1743763519661 0.6010954976081848 19
1743763519669 0.5993200540542603 20
1743763519677 0.5976865291595459 21
1743763519686 0.5962553024291992 22
1743763519694 0.5949166417121887 23
1743763519703 0.5936487913131714 24
