1743763519477 0.6086956262588501 0
1743763519488 0.6086956262588501 1
1743763519497 0.6086956262588501 2
1743763519506 0.6086956262588501 3
1743763519516 0.6521739363670349 4
1743763519525 0.6521739363670349 5
1743763519535 0.6086956262588501 6
1743763519545 0.6521739363670349 7
1743763519555 0.6521739363670349 8
1743763519564 0.695652186870575 9
1743763519574 0.695652186870575 10
1743763519584 0.695652186870575 11
1743763519594 0.695652186870575 12
1743763519603 0.695652186870575 13
1743763519613 0.695652186870575 14
1743763519622 0.739130437374115 15
1743763519631 0.739130437374115 16
1743763519641 0.739130437374115 17
1743763519649 0.739130437374115 18
1743763519657 0.739130437374115 19
1743763519665 0.739130437374115 20
1743763519673 0.739130437374115 21
1743763519682 0.739130437374115 22
1743763519690 0.739130437374115 23
1743763519699 0.739130437374115 24
