1744368309031 0.5482233762741089 0
1744368309052 0.5888324975967407 1
1744368309063 0.6040608882904053 2
1744368309074 0.6091370582580566 3
1744368309084 0.5989847779273987 4
1744368309094 0.5786802172660828 5
1744368309103 0.5786802172660828 6
1744368309112 0.5685279369354248 7
1744368309120 0.5634517669677734 8
1744368309129 0.5482233762741089 9
1744368309138 0.5431472063064575 10
1744368309147 0.5532994866371155 11
1744368309155 0.5583756566047668 12
1744368309163 0.5532994866371155 13
1744368309172 0.5583756566047668 14
1744368309181 0.5583756566047668 15
1744368309190 0.5482233762741089 16
1744368309198 0.5532994866371155 17
1744368309212 0.5634517669677734 18
1744368309224 0.5634517669677734 19
1744368309235 0.5583756566047668 20
1744368309247 0.5685279369354248 21
1744368309258 0.5685279369354248 22
