1744368309035 0.6931806206703186 0
1744368309058 0.692966103553772 1
1744368309069 0.6927451491355896 2
1744368309079 0.6925813555717468 3
1744368309089 0.6923952698707581 4
1744368309098 0.6922367811203003 5
1744368309107 0.6920362710952759 6
1744368309116 0.6918510794639587 7
1744368309125 0.6917060613632202 8
1744368309134 0.6915107369422913 9
1744368309142 0.6913760900497437 10
1744368309151 0.6912209987640381 11
1744368309159 0.6910741925239563 12
1744368309168 0.6909593939781189 13
1744368309176 0.6908193826675415 14
1744368309185 0.690683126449585 15
1744368309194 0.6905573606491089 16
1744368309202 0.6903923749923706 17
1744368309217 0.6902486681938171 18
1744368309229 0.690133273601532 19
1744368309241 0.6900184154510498 20
1744368309252 0.6898638010025024 21
1744368309264 0.6897538304328918 22
