1744886620742 0.5510203838348389 0
1744886620754 0.6020408272743225 1
1744886620768 0.6020408272743225 2
1744886620776 0.5969387888908386 3
1744886620784 0.5918367505073547 4
1744886620793 0.6071428656578064 5
1744886620802 0.6071428656578064 6
1744886620812 0.5918367505073547 7
1744886620821 0.5918367505073547 8
1744886620829 0.6071428656578064 9
1744886620837 0.5918367505073547 10
1744886620847 0.5969387888908386 11
1744886620855 0.6071428656578064 12
1744886620863 0.6071428656578064 13
1744886620873 0.6377550959587097 14
1744886620881 0.6173469424247742 15
1744886620890 0.6122449040412903 16
1744886620900 0.5969387888908386 17
1744886620908 0.6224489808082581 18
