1744886620749 0.6914293169975281 0
1744886620763 0.687359094619751 1
1744886620772 0.6838529706001282 2
1744886620780 0.6797647476196289 3
1744886620788 0.6763502359390259 4
1744886620798 0.6728090643882751 5
1744886620807 0.6686902642250061 6
1744886620816 0.6644629836082458 7
1744886620825 0.6613578200340271 8
1744886620833 0.6558504104614258 9
1744886620842 0.6586717963218689 10
1744886620851 0.6552258729934692 11
1744886620859 0.6516067981719971 12
1744886620868 0.6503957509994507 13
1744886620877 0.646827220916748 14
1744886620886 0.655015766620636 15
1744886620894 0.6436901092529297 16
1744886620904 0.650223970413208 17
1744886620912 0.6462022066116333 18
