1743763274868 0.7147855162620544 0
1743763274877 0.6570571660995483 1
1743763274891 0.662984311580658 2
1743763274901 0.6568268537521362 3
1743763274911 0.6288855075836182 4
1743763274921 0.6206772923469543 5
1743763274929 0.6071140170097351 6
1743763274939 0.6436811685562134 7
1743763274948 0.5747017860412598 8
1743763274957 0.6167994737625122 9
1743763274966 0.5446146726608276 10
1743763274975 0.6216550469398499 11
1743763274985 0.6081022024154663 12
1743763274994 0.5654027462005615 13
1743763275003 0.5283005237579346 14
1743763275011 0.618947446346283 15
