1744712286271 0.49238577485084534 0
1744712286280 0.4974619150161743 1
1744712286289 0.4974619150161743 2
1744712286298 0.5279187560081482 3
1744712286306 0.5380710363388062 4
1744712286315 0.5431472063064575 5
1744712286323 0.5583756566047668 6
1744712286332 0.5685279369354248 7
1744712286341 0.5786802172660828 8
1744712286350 0.5989847779273987 9
1744712286358 0.5888324975967407 10
1744712286367 0.5888324975967407 11
1744712286376 0.5837563276290894 12
1744712286385 0.5786802172660828 13
1744712286394 0.5786802172660828 14
1744712286402 0.5685279369354248 15
1744712286410 0.5634517669677734 16
1744712286419 0.5685279369354248 17
1744712286427 0.5736040472984314 18
1744712286436 0.5736040472984314 19
1744712286445 0.5736040472984314 20
1744712286453 0.5736040472984314 21
