1744712878101 0.4822334945201874 0
1744712878117 0.5837563276290894 1
1744712878131 0.5837563276290894 2
1744712878144 0.5736040472984314 3
1744712878158 0.5736040472984314 4
1744712878177 0.5736040472984314 5
1744712878191 0.5685279369354248 6
1744712878203 0.5634517669677734 7
1744712878223 0.5532994866371155 8
1744712878237 0.5583756566047668 9
1744712878250 0.5583756566047668 10
1744712878271 0.5837563276290894 11
1744712878285 0.5989847779273987 12
1744712878298 0.5736040472984314 13
1744712878312 0.5837563276290894 14
1744712878325 0.6040608882904053 15
1744712878337 0.5888324975967407 16
1744712878350 0.5837563276290894 17
1744712878362 0.5939086079597473 18
1744712878376 0.5989847779273987 19
