1744886734694 0.6929088234901428 0
1744886734708 0.6909828186035156 1
1744886734717 0.6894641518592834 2
1744886734729 0.6877171397209167 3
1744886734746 0.6864266395568848 4
1744886734756 0.6847529411315918 5
1744886734764 0.6831889152526855 6
1744886734773 0.6817480325698853 7
1744886734782 0.6800687909126282 8
1744886734791 0.6782968640327454 9
1744886734799 0.6763251423835754 10
1744886734808 0.6746684312820435 11
1744886734816 0.6726900935173035 12
1744886734824 0.6715105772018433 13
1744886734832 0.6694605350494385 14
1744886734839 0.6676023602485657 15
1744886734848 0.6653872132301331 16
1744886734856 0.6635413765907288 17
1744886734864 0.6616114974021912 18
1744886734872 0.660377025604248 19
1744886734881 0.6582303643226624 20
1744886734889 0.657238781452179 21
1744886734898 0.6562594771385193 22
1744886734909 0.6549146175384521 23
1744886734917 0.6547390818595886 24
1744886734925 0.6539261341094971 25
1744886734933 0.65305095911026 26
1744886734941 0.6524167656898499 27
1744886734949 0.6514721512794495 28
1744886734957 0.6510159969329834 29
