1744886734687 0.545918345451355 0
1744886734703 0.581632673740387 1
1744886734713 0.5867347121238708 2
1744886734725 0.5918367505073547 3
1744886734740 0.5918367505073547 4
1744886734751 0.5918367505073547 5
1744886734760 0.5918367505073547 6
1744886734769 0.5969387888908386 7
1744886734778 0.5969387888908386 8
1744886734786 0.5969387888908386 9
1744886734795 0.5969387888908386 10
1744886734803 0.5969387888908386 11
1744886734812 0.5969387888908386 12
1744886734820 0.5969387888908386 13
1744886734828 0.5918367505073547 14
1744886734836 0.5969387888908386 15
1744886734844 0.5867347121238708 16
1744886734852 0.5765306353569031 17
1744886734860 0.5918367505073547 18
1744886734868 0.5969387888908386 19
1744886734877 0.5918367505073547 20
1744886734885 0.5969387888908386 21
1744886734894 0.5969387888908386 22
1744886734902 0.5969387888908386 23
1744886734913 0.5969387888908386 24
1744886734921 0.5969387888908386 25
1744886734929 0.5969387888908386 26
1744886734937 0.5918367505073547 27
1744886734945 0.5867347121238708 28
1744886734952 0.5867347121238708 29
