1744886458671 0.6911612749099731 0
1744886458685 0.6874364614486694 1
1744886458694 0.6836262941360474 2
1744886458709 0.6811912655830383 3
1744886458719 0.6788396239280701 4
1744886458728 0.6760629415512085 5
1744886458740 0.6709208488464355 6
1744886458750 0.6693839430809021 7
1744886458761 0.6686660051345825 8
1744886458771 0.6655247807502747 9
1744886458780 0.6632161140441895 10
1744886458789 0.6598162651062012 11
1744886458798 0.6577666401863098 12
1744886458808 0.6555600166320801 13
1744886458819 0.6543579697608948 14
1744886458830 0.6498100161552429 15
1744886458840 0.6561934947967529 16
1744886458850 0.6533486247062683 17
1744886458859 0.6538714170455933 18
1744886458870 0.6513453125953674 19
1744886458879 0.6499758362770081 20
1744886458890 0.6487998366355896 21
1744886458898 0.6514863967895508 22
1744886458907 0.6464965343475342 23
1744886458915 0.6503280401229858 24
1744886458924 0.6469727158546448 25
1744886458933 0.646135687828064 26
1744886458942 0.6437574028968811 27
1744886458950 0.6482781767845154 28
1744886458959 0.6492608189582825 29
