1744886458666 0.5306122303009033 0
1744886458680 0.6071428656578064 1
1744886458689 0.6275510191917419 2
1744886458700 0.6071428656578064 3
1744886458714 0.5918367505073547 4
1744886458723 0.6173469424247742 5
1744886458735 0.6020408272743225 6
1744886458745 0.5969387888908386 7
1744886458755 0.5969387888908386 8
1744886458766 0.6071428656578064 9
1744886458775 0.6071428656578064 10
1744886458785 0.6173469424247742 11
1744886458794 0.6020408272743225 12
1744886458804 0.6122449040412903 13
1744886458813 0.6173469424247742 14
1744886458825 0.6071428656578064 15
1744886458836 0.6071428656578064 16
1744886458844 0.6173469424247742 17
1744886458854 0.6224489808082581 18
1744886458865 0.6020408272743225 19
1744886458875 0.6224489808082581 20
1744886458885 0.6173469424247742 21
1744886458894 0.6326530575752258 22
1744886458903 0.6479591727256775 23
1744886458911 0.6275510191917419 24
1744886458920 0.6122449040412903 25
1744886458929 0.6275510191917419 26
1744886458937 0.6224489808082581 27
1744886458946 0.6122449040412903 28
1744886458955 0.6377550959587097 29
