1744397637624 0.4314720928668976 0
1744397637640 0.5177664756774902 1
1744397637656 0.5431472063064575 2
1744397637667 0.5482233762741089 3
1744397637680 0.5736040472984314 4
1744397637692 0.5380710363388062 5
1744397637703 0.5685279369354248 6
1744397637715 0.5482233762741089 7
1744397637726 0.5685279369354248 8
1744397637737 0.5685279369354248 9
1744397637748 0.5634517669677734 10
1744397637759 0.5786802172660828 11
1744397637770 0.5786802172660828 12
1744397637781 0.5634517669677734 13
1744397637793 0.5634517669677734 14
