1744397637633 0.693748414516449 0
1744397637650 0.6935293078422546 1
1744397637661 0.6933029294013977 2
1744397637675 0.6932315230369568 3
1744397637686 0.6925268769264221 4
1744397637697 0.6928585171699524 5
1744397637709 0.6926022171974182 6
1744397637720 0.6927679777145386 7
1744397637731 0.6916950941085815 8
1744397637742 0.6920039653778076 9
1744397637754 0.6922041773796082 10
1744397637765 0.6919901371002197 11
1744397637775 0.6914812326431274 12
1744397637787 0.6913387179374695 13
1744397637798 0.6910728812217712 14
