1744281914651 0.5306122303009033 0
1744281914661 0.545918345451355 1
1744281914671 0.5510203838348389 2
1744281914683 0.5714285969734192 3
1744281914693 0.5663265585899353 4
1744281914702 0.5612244606018066 5
1744281914712 0.5612244606018066 6
1744281914722 0.5612244606018066 7
1744281914732 0.5714285969734192 8
1744281914742 0.581632673740387 9
1744281914751 0.5867347121238708 10
1744281914760 0.581632673740387 11
1744281914771 0.5969387888908386 12
1744281914780 0.5918367505073547 13
1744281914791 0.5918367505073547 14
1744281914800 0.6020408272743225 15
1744281914810 0.5918367505073547 16
1744281914819 0.5969387888908386 17
1744281914829 0.6020408272743225 18
1744281914839 0.5918367505073547 19
1744281914848 0.6020408272743225 20
1744281914859 0.5918367505073547 21
1744281914869 0.5969387888908386 22
1744281914878 0.5918367505073547 23
1744281914888 0.5969387888908386 24
1744281914897 0.5969387888908386 25
1744281914907 0.6020408272743225 26
1744281914917 0.6071428656578064 27
