1744281914656 0.690769612789154 0
1744281914666 0.6892671585083008 1
1744281914675 0.6881879568099976 2
1744281914688 0.6870250105857849 3
1744281914698 0.6861395835876465 4
1744281914707 0.6853802800178528 5
1744281914717 0.6842926144599915 6
1744281914727 0.6833226680755615 7
1744281914737 0.6823837161064148 8
1744281914747 0.6817392706871033 9
1744281914756 0.6809296011924744 10
1744281914766 0.680088996887207 11
1744281914775 0.6795012950897217 12
1744281914786 0.6789105534553528 13
1744281914795 0.678303599357605 14
1744281914805 0.6776529550552368 15
1744281914815 0.6769508719444275 16
1744281914824 0.6764345169067383 17
1744281914834 0.6758537888526917 18
1744281914844 0.6754957437515259 19
1744281914854 0.6749069094657898 20
1744281914864 0.674309492111206 21
1744281914874 0.6737839579582214 22
1744281914883 0.6733571887016296 23
1744281914893 0.6729219555854797 24
1744281914902 0.6727637648582458 25
1744281914912 0.6721493601799011 26
1744281914922 0.6717228293418884 27
