1744367848803 0.46700507402420044 0
1744367848814 0.4720812141895294 1
1744367848824 0.48730963468551636 2
1744367848834 0.49238577485084534 3
1744367848844 0.5025380849838257 4
1744367848854 0.5126903653144836 5
1744367848863 0.5126903653144836 6
1744367848874 0.5228426456451416 7
1744367848883 0.5126903653144836 8
1744367848894 0.5076141953468323 9
1744367848903 0.5228426456451416 10
1744367848912 0.5380710363388062 11
1744367848922 0.5329949259757996 12
1744367848931 0.5228426456451416 13
1744367848941 0.5329949259757996 14
1744367848950 0.5380710363388062 15
1744367848958 0.5431472063064575 16
1744367848968 0.5532994866371155 17
1744367848977 0.5634517669677734 18
