1744367848809 0.6937825083732605 0
1744367848819 0.6935470700263977 1
1744367848829 0.6933866143226624 2
1744367848840 0.6932260990142822 3
1744367848849 0.6931142210960388 4
1744367848859 0.6929624080657959 5
1744367848868 0.6928241848945618 6
1744367848878 0.6926973462104797 7
1744367848888 0.6925268769264221 8
1744367848898 0.6923936605453491 9
1744367848908 0.6922852993011475 10
1744367848917 0.6921598315238953 11
1744367848927 0.6920490264892578 12
1744367848936 0.6919403076171875 13
1744367848945 0.6917951703071594 14
1744367848954 0.6916598677635193 15
1744367848963 0.6915264129638672 16
1744367848973 0.6913951635360718 17
1744367848981 0.6912433505058289 18
