1744401666296 0.5572916865348816 0
1744401666307 0.5260416865348816 1
1744401666332 0.5104166865348816 2
1744401666349 0.5520833134651184 3
1744401666361 0.515625 4
1744401666372 0.5520833134651184 5
1744401666384 0.5625 6
1744401666395 0.546875 7
1744401666405 0.546875 8
1744401666416 0.59375 9
1744401666427 0.609375 10
1744401666437 0.5885416865348816 11
1744401666448 0.6197916865348816 12
1744401666459 0.5885416865348816 13
1744401666470 0.5364583134651184 14
1744401666481 0.6145833134651184 15
1744401666492 0.5729166865348816 16
1744401666502 0.65625 17
1744401666513 0.6145833134651184 18
1744401666524 0.6354166865348816 19
