1744401666301 0.6770305037498474 0
1744401666315 0.6847770810127258 1
1744401666344 0.7297818660736084 2
1744401666355 0.6920936107635498 3
1744401666367 0.7236760258674622 4
1744401666378 0.7094040513038635 5
1744401666389 0.7096338272094727 6
1744401666400 0.6977168917655945 7
1744401666411 0.6794835925102234 8
1744401666421 0.6757478713989258 9
1744401666432 0.6820571422576904 10
1744401666443 0.6674747467041016 11
1744401666454 0.665957510471344 12
1744401666464 0.6696938872337341 13
1744401666475 0.7152746319770813 14
1744401666486 0.6657702326774597 15
1744401666497 0.6729938983917236 16
1744401666508 0.6458799242973328 17
1744401666518 0.668226420879364 18
1744401666529 0.6638856530189514 19
