1744368175749 0.6935961842536926 0
1744368175761 0.6931416988372803 1
1744368175769 0.6929240226745605 2
1744368175777 0.6925954818725586 3
1744368175785 0.6922858953475952 4
1744368175792 0.6917452812194824 5
1744368175800 0.6912447810173035 6
1744368175808 0.6910523772239685 7
1744368175815 0.6913604140281677 8
1744368175823 0.690747857093811 9
1744368175830 0.6900806427001953 10
1744368175838 0.6893589496612549 11
1744368175845 0.6896305680274963 12
1744368175853 0.6890736818313599 13
1744368175865 0.6881569027900696 14
1744368175873 0.6886717677116394 15
1744368175881 0.6885209679603577 16
1744368175888 0.6877229809761047 17
1744368175896 0.6879332661628723 18
