1744279230028 0.4336734712123871 0
1744279230041 0.47959184646606445 1
1744279230057 0.47448980808258057 2
1744279230075 0.5663265585899353 3
1744279230086 0.545918345451355 4
1744279230097 0.5867347121238708 5
1744279230108 0.5255101919174194 6
1744279230127 0.5357142686843872 7
1744279230138 0.5765306353569031 8
1744279230149 0.5204081535339355 9
1744279230160 0.5255101919174194 10
1744279230171 0.5765306353569031 11
1744279230181 0.5561224222183228 12
1744279230192 0.5612244606018066 13
1744279230202 0.5663265585899353 14
1744279230213 0.5714285969734192 15
1744279230224 0.6020408272743225 16
1744279230233 0.5714285969734192 17
1744279230244 0.581632673740387 18
