1744279230035 0.7544767260551453 0
1744279230051 0.7229692935943604 1
1744279230062 0.7131130695343018 2
1744279230081 0.6899986267089844 3
1744279230092 0.6819446086883545 4
1744279230102 0.6743889451026917 5
1744279230113 0.6836645007133484 6
1744279230133 0.6796818971633911 7
1744279230144 0.6901909708976746 8
1744279230154 0.7084952592849731 9
1744279230166 0.6832417249679565 10
1744279230176 0.6749605536460876 11
1744279230186 0.6831101179122925 12
1744279230197 0.6767769455909729 13
1744279230207 0.6736142039299011 14
1744279230218 0.6855288147926331 15
1744279230228 0.6698564887046814 16
1744279230238 0.683897078037262 17
1744279230249 0.668062686920166 18
