1744712030932 0.6943873167037964 0
1744712030956 0.6944401264190674 1
1744712030969 0.6947593092918396 2
1744712030980 0.6931008100509644 3
1744712030994 0.6950565576553345 4
1744712031006 0.693757951259613 5
1744712031015 0.6936076879501343 6
1744712031024 0.6933128237724304 7
1744712031035 0.6933753490447998 8
1744712031047 0.6936678290367126 9
1744712031060 0.6935484409332275 10
1744712031078 0.6926333904266357 11
1744712031088 0.6924169659614563 12
1744712031098 0.6926758885383606 13
1744712031111 0.6923967003822327 14
1744712031126 0.6925454139709473 15
1744712031143 0.692735493183136 16
1744712031159 0.6923466920852661 17
1744712031184 0.6904789209365845 18
1744712031200 0.6918521523475647 19
1744712031227 0.6913009881973267 20
1744712031256 0.6908549070358276 21
1744712031272 0.6919570565223694 22
1744712031293 0.6913090348243713 23
1744712031314 0.691017210483551 24
1744712031327 0.6896584033966064 25
1744712031337 0.6905573606491089 26
