1744712030926 0.4517766535282135 0
1744712030943 0.46192893385887146 1
1744712030961 0.4771573543548584 2
1744712030975 0.5126903653144836 3
1744712030988 0.49238577485084534 4
1744712031000 0.4771573543548584 5
1744712031010 0.49238577485084534 6
1744712031020 0.5279187560081482 7
1744712031028 0.5025380849838257 8
1744712031041 0.5025380849838257 9
1744712031051 0.5279187560081482 10
1744712031069 0.5431472063064575 11
1744712031083 0.5583756566047668 12
1744712031092 0.5685279369354248 13
1744712031104 0.5380710363388062 14
1744712031117 0.5431472063064575 15
1744712031137 0.5279187560081482 16
1744712031149 0.5431472063064575 17
1744712031175 0.5685279369354248 18
1744712031193 0.5583756566047668 19
1744712031212 0.5634517669677734 20
1744712031243 0.5786802172660828 21
1744712031264 0.5634517669677734 22
1744712031283 0.5685279369354248 23
1744712031307 0.5685279369354248 24
1744712031322 0.5685279369354248 25
1744712031332 0.5837563276290894 26
