1744886802763 0.694536566734314 0
1744886802780 0.6940689086914062 1
1744886802791 0.6936253905296326 2
1744886802817 0.6944252848625183 3
1744886802828 0.6949245929718018 4
1744886802838 0.6941558718681335 5
1744886802847 0.6929649710655212 6
1744886802857 0.6940158009529114 7
1744886802867 0.6932893991470337 8
1744886802876 0.693335235118866 9
1744886802885 0.6932947635650635 10
1744886802894 0.6936665177345276 11
1744886802904 0.6931682229042053 12
1744886802913 0.6921018362045288 13
1744886802923 0.6931056380271912 14
1744886802932 0.6924412250518799 15
1744886802941 0.6925908923149109 16
1744886802951 0.6915925741195679 17
1744886802961 0.692473292350769 18
1744886802970 0.6911978721618652 19
1744886802979 0.6912872195243835 20
1744886802989 0.6918787360191345 21
1744886802998 0.691093921661377 22
1744886803008 0.6912347674369812 23
1744886803017 0.6912703514099121 24
1744886803027 0.6905326247215271 25
1744886803036 0.6908179521560669 26
1744886803046 0.6904656291007996 27
1744886803056 0.6902775764465332 28
1744886803065 0.6899384260177612 29
