1744711597195 0.6938139796257019 0
1744711597206 0.6939601302146912 1
1744711597221 0.6930559873580933 2
1744711597238 0.694205105304718 3
1744711597249 0.6943496465682983 4
1744711597258 0.6945787668228149 5
1744711597267 0.6938048005104065 6
1744711597276 0.6935489773750305 7
1744711597285 0.6932443380355835 8
1744711597293 0.6928933262825012 9
1744711597301 0.6935577988624573 10
1744711597309 0.6934624910354614 11
1744711597318 0.6926326751708984 12
1744711597327 0.692487359046936 13
1744711597335 0.6931330561637878 14
