1744711597189 0.46192893385887146 0
1744711597200 0.4974619150161743 1
1744711597216 0.5228426456451416 2
1744711597226 0.4517766535282135 3
1744711597244 0.4771573543548584 4
1744711597253 0.4467005133628845 5
1744711597262 0.49238577485084534 6
1744711597272 0.5329949259757996 7
1744711597280 0.49238577485084534 8
1744711597289 0.5685279369354248 9
1744711597297 0.49238577485084534 10
1744711597305 0.5177664756774902 11
1744711597314 0.5482233762741089 12
1744711597322 0.5076141953468323 13
1744711597331 0.5279187560081482 14
