1744367873265 0.48730963468551636 0
1744367873274 0.4822334945201874 1
1744367873282 0.5279187560081482 2
1744367873289 0.5837563276290894 3
1744367873296 0.5786802172660828 4
1744367873304 0.5786802172660828 5
1744367873312 0.5380710363388062 6
1744367873319 0.5837563276290894 7
1744367873327 0.6040608882904053 8
1744367873335 0.6040608882904053 9
1744367873343 0.5989847779273987 10
1744367873351 0.5736040472984314 11
1744367873358 0.5888324975967407 12
1744367873366 0.5634517669677734 13
1744367873374 0.5939086079597473 14
1744367873382 0.5685279369354248 15
1744367873390 0.5583756566047668 16
1744367873398 0.5837563276290894 17
1744367873406 0.5786802172660828 18
1744367873414 0.5736040472984314 19
1744367873422 0.5888324975967407 20
1744367873430 0.5583756566047668 21
1744367873438 0.5786802172660828 22
1744367873446 0.5939086079597473 23
1744367873454 0.5736040472984314 24
1744367873461 0.5989847779273987 25
1744367873469 0.5431472063064575 26
1744367873477 0.5634517669677734 27
1744367873485 0.5736040472984314 28
