1744367873270 0.6931895017623901 0
1744367873278 0.6933883428573608 1
1744367873285 0.6933901309967041 2
1744367873293 0.692471981048584 3
1744367873300 0.6922289133071899 4
1744367873308 0.6920257210731506 5
1744367873316 0.6927565336227417 6
1744367873323 0.6913319826126099 7
1744367873331 0.691896915435791 8
1744367873339 0.6918725967407227 9
1744367873347 0.6917034387588501 10
1744367873354 0.6920654773712158 11
1744367873362 0.6918366551399231 12
1744367873370 0.691962718963623 13
1744367873378 0.6907410025596619 14
1744367873386 0.6911821961402893 15
1744367873394 0.6914064288139343 16
1744367873402 0.690710723400116 17
1744367873410 0.6917885541915894 18
1744367873418 0.6906787157058716 19
1744367873426 0.6907884478569031 20
1744367873434 0.6909967660903931 21
1744367873442 0.6902819275856018 22
1744367873450 0.6904222369194031 23
1744367873458 0.6900185346603394 24
1744367873465 0.6896156072616577 25
1744367873473 0.6898830533027649 26
1744367873481 0.6894735097885132 27
1744367873489 0.6891670823097229 28
