1744881990990 0.6925653219223022 0
1744881991004 0.6912267804145813 1
1744881991018 0.6906614303588867 2
1744881991033 0.6895009875297546 3
1744881991047 0.6892573237419128 4
1744881991062 0.6889850497245789 5
1744881991077 0.6879227757453918 6
1744881991091 0.6877945065498352 7
1744881991105 0.6868943572044373 8
1744881991120 0.6868283748626709 9
1744881991137 0.6842960119247437 10
1744881991151 0.6836922764778137 11
1744881991166 0.681698739528656 12
1744881991184 0.6831537485122681 13
1744881991199 0.6797423362731934 14
1744881991216 0.6780862808227539 15
1744881991232 0.6802205443382263 16
1744881991246 0.6782696843147278 17
1744881991261 0.6766431927680969 18
