1744881990983 0.5583756566047668 0
1744881990997 0.5634517669677734 1
1744881991011 0.5634517669677734 2
1744881991026 0.5634517669677734 3
1744881991041 0.5634517669677734 4
1744881991054 0.5634517669677734 5
1744881991069 0.5634517669677734 6
1744881991084 0.5634517669677734 7
1744881991098 0.5634517669677734 8
1744881991112 0.5634517669677734 9
1744881991128 0.5634517669677734 10
1744881991144 0.5685279369354248 11
1744881991158 0.5634517669677734 12
1744881991175 0.5634517669677734 13
1744881991192 0.5685279369354248 14
1744881991208 0.5634517669677734 15
1744881991224 0.5634517669677734 16
1744881991239 0.5685279369354248 17
1744881991254 0.5736040472984314 18
