1744367833362 0.6937821507453918 0
1744367833373 0.6915886402130127 1
1744367833382 0.6897823810577393 2
1744367833392 0.6878018975257874 3
1744367833403 0.6860342025756836 4
1744367833412 0.684214174747467 5
1744367833422 0.6825716495513916 6
1744367833431 0.6806313991546631 7
1744367833441 0.6787382960319519 8
1744367833450 0.6771100759506226 9
1744367833460 0.6757661700248718 10
1744367833469 0.6734859347343445 11
1744367833478 0.6720601320266724 12
1744367833487 0.6709567904472351 13
1744367833497 0.6706482768058777 14
1744367833506 0.6690845489501953 15
1744367833519 0.6680677533149719 16
1744367833528 0.6681273579597473 17
