1744367833357 0.46192893385887146 0
1744367833367 0.624365508556366 1
1744367833378 0.6091370582580566 2
1744367833387 0.6040608882904053 3
1744367833398 0.6142131686210632 4
1744367833408 0.6091370582580566 5
1744367833417 0.5989847779273987 6
1744367833426 0.5888324975967407 7
1744367833436 0.5837563276290894 8
1744367833445 0.5786802172660828 9
1744367833455 0.5736040472984314 10
1744367833465 0.5786802172660828 11
1744367833474 0.5888324975967407 12
1744367833483 0.5939086079597473 13
1744367833493 0.5989847779273987 14
1744367833502 0.6091370582580566 15
1744367833510 0.6091370582580566 16
1744367833524 0.6091370582580566 17
