1744882213004 0.6929582953453064 0
1744882213021 0.6915132999420166 1
1744882213037 0.6896960139274597 2
1744882213051 0.6881781816482544 3
1744882213066 0.686401903629303 4
1744882213081 0.6837825179100037 5
1744882213096 0.6822550296783447 6
1744882213118 0.6820030212402344 7
1744882213133 0.6779271364212036 8
1744882213148 0.6751425266265869 9
1744882213163 0.6751542687416077 10
1744882213177 0.667972981929779 11
1744882213192 0.6658306121826172 12
1744882213207 0.6635894179344177 13
1744882213220 0.6617321372032166 14
1744882213234 0.6605862975120544 15
1744882213249 0.6634622812271118 16
1744882213263 0.659298837184906 17
1744882213277 0.6563073992729187 18
