1744882212989 0.4974619150161743 0
1744882213013 0.5634517669677734 1
1744882213029 0.5685279369354248 2
1744882213044 0.5583756566047668 3
1744882213059 0.5685279369354248 4
1744882213074 0.5685279369354248 5
1744882213088 0.5532994866371155 6
1744882213110 0.5786802172660828 7
1744882213125 0.5888324975967407 8
1744882213140 0.5837563276290894 9
1744882213155 0.5989847779273987 10
1744882213170 0.5939086079597473 11
1744882213185 0.5939086079597473 12
1744882213199 0.6294416189193726 13
1744882213213 0.624365508556366 14
1744882213227 0.6395938992500305 15
1744882213242 0.6192893385887146 16
1744882213255 0.624365508556366 17
1744882213270 0.6345177888870239 18
