1744886759436 0.44387754797935486 0
1744886759454 0.5357142686843872 1
1744886759464 0.6122449040412903 2
1744886759475 0.5867347121238708 3
1744886759486 0.5867347121238708 4
1744886759496 0.581632673740387 5
1744886759506 0.5918367505073547 6
1744886759516 0.5867347121238708 7
1744886759526 0.581632673740387 8
1744886759535 0.581632673740387 9
1744886759545 0.5867347121238708 10
1744886759555 0.581632673740387 11
1744886759565 0.5867347121238708 12
1744886759575 0.5918367505073547 13
1744886759584 0.5969387888908386 14
1744886759594 0.5867347121238708 15
1744886759604 0.5918367505073547 16
1744886759614 0.5918367505073547 17
1744886759624 0.581632673740387 18
1744886759633 0.5867347121238708 19
1744886759643 0.5918367505073547 20
1744886759652 0.5867347121238708 21
