1744886759448 0.6944437026977539 0
1744886759459 0.6924899220466614 1
1744886759469 0.6910972595214844 2
1744886759480 0.6892788410186768 3
1744886759491 0.6876255869865417 4
1744886759501 0.6871821284294128 5
1744886759511 0.6855137348175049 6
1744886759521 0.6850419044494629 7
1744886759531 0.6833291053771973 8
1744886759540 0.6828182935714722 9
1744886759549 0.68218594789505 10
1744886759560 0.679268479347229 11
1744886759570 0.6788642406463623 12
1744886759580 0.677320122718811 13
1744886759589 0.6766778826713562 14
1744886759599 0.6747633218765259 15
1744886759609 0.6749244928359985 16
1744886759619 0.6737780570983887 17
1744886759629 0.6737225651741028 18
1744886759638 0.6715537309646606 19
1744886759648 0.6703808307647705 20
1744886759657 0.6706025004386902 21
