1744367657176 0.5076141953468323 0
1744367657187 0.5837563276290894 1
1744367657197 0.5989847779273987 2
1744367657208 0.6091370582580566 3
1744367657216 0.5786802172660828 4
1744367657224 0.5685279369354248 5
1744367657232 0.5888324975967407 6
1744367657241 0.6040608882904053 7
1744367657250 0.5989847779273987 8
1744367657258 0.5583756566047668 9
1744367657266 0.5685279369354248 10
1744367657274 0.5837563276290894 11
1744367657282 0.5989847779273987 12
1744367657291 0.5634517669677734 13
1744367657300 0.5837563276290894 14
1744367657309 0.5837563276290894 15
1744367657320 0.5634517669677734 16
1744367657333 0.5736040472984314 17
1744367657344 0.5634517669677734 18
