1744882326852 0.6922727227210999 0
1744882326869 0.6911237835884094 1
1744882326884 0.6896049976348877 2
1744882326899 0.6889136433601379 3
1744882326915 0.6891657114028931 4
1744882326930 0.6875961422920227 5
1744882326944 0.6875069737434387 6
1744882326962 0.6869217753410339 7
1744882326978 0.6845986843109131 8
1744882326993 0.6860185265541077 9
1744882327007 0.6855394244194031 10
1744882327022 0.682360827922821 11
1744882327036 0.6835454106330872 12
1744882327050 0.681094229221344 13
1744882327064 0.6815915107727051 14
1744882327078 0.6818654537200928 15
1744882327093 0.6803591847419739 16
1744882327107 0.6778998970985413 17
1744882327120 0.6807023286819458 18
