1744882326836 0.5228426456451416 0
1744882326861 0.5634517669677734 1
1744882326877 0.5634517669677734 2
1744882326892 0.5634517669677734 3
1744882326906 0.5634517669677734 4
1744882326922 0.5634517669677734 5
1744882326937 0.5634517669677734 6
1744882326952 0.5634517669677734 7
1744882326970 0.5634517669677734 8
1744882326985 0.5634517669677734 9
1744882327000 0.5634517669677734 10
1744882327014 0.5634517669677734 11
1744882327029 0.5634517669677734 12
1744882327043 0.5634517669677734 13
1744882327057 0.5634517669677734 14
1744882327072 0.5634517669677734 15
1744882327086 0.5634517669677734 16
1744882327100 0.5634517669677734 17
1744882327113 0.5634517669677734 18
