1744397457903 0.6930392980575562 0
1744397457919 0.6923379898071289 1
1744397457929 0.6926174759864807 2
1744397457941 0.6932687759399414 3
1744397457952 0.6930515170097351 4
1744397457964 0.6927397847175598 5
1744397457975 0.6925602555274963 6
1744397457985 0.6923590302467346 7
1744397457995 0.6921753287315369 8
1744397458007 0.6925025582313538 9
1744397458018 0.6928690075874329 10
1744397458029 0.6926678419113159 11
1744397458039 0.6920366883277893 12
1744397458050 0.691963791847229 13
1744397458060 0.6920192837715149 14
1744397458070 0.6922369003295898 15
1744397458081 0.6921175122261047 16
1744397458091 0.6913447380065918 17
1744397458102 0.6918112635612488 18
1744397458111 0.6915865540504456 19
