1744397457897 0.48730963468551636 0
1744397457909 0.5380710363388062 1
1744397457924 0.5380710363388062 2
1744397457935 0.5126903653144836 3
1744397457947 0.4974619150161743 4
1744397457958 0.5482233762741089 5
1744397457969 0.5126903653144836 6
1744397457980 0.5736040472984314 7
1744397457990 0.5685279369354248 8
1744397458001 0.5380710363388062 9
1744397458012 0.5228426456451416 10
1744397458024 0.5380710363388062 11
1744397458034 0.5583756566047668 12
1744397458044 0.5685279369354248 13
1744397458055 0.5888324975967407 14
1744397458066 0.5380710363388062 15
1744397458075 0.5736040472984314 16
1744397458086 0.6040608882904053 17
1744397458097 0.5786802172660828 18
1744397458107 0.5736040472984314 19
