1744886591601 0.6930511593818665 0
1744886591612 0.6876775026321411 1
1744886591621 0.6839932203292847 2
1744886591630 0.6808698773384094 3
1744886591638 0.6751770377159119 4
1744886591648 0.6742040514945984 5
1744886591656 0.6689250469207764 6
1744886591665 0.6660764813423157 7
1744886591673 0.6636215448379517 8
1744886591681 0.658149003982544 9
1744886591690 0.6591733694076538 10
1744886591699 0.658094584941864 11
1744886591707 0.6546881794929504 12
1744886591715 0.6524529457092285 13
1744886591723 0.6518862843513489 14
1744886591731 0.6518353223800659 15
1744886591758 0.6498717069625854 16
1744886591767 0.6508879065513611 17
1744886591775 0.6459914445877075 18
1744886591784 0.6488062143325806 19
1744886591791 0.6484584808349609 20
1744886591800 0.6431560516357422 21
1744886591808 0.6418253183364868 22
1744886591816 0.6491525769233704 23
1744886591824 0.6411218643188477 24
1744886591833 0.6443619132041931 25
1744886591841 0.6389607191085815 26
1744886591849 0.6441301107406616 27
