1744886591596 0.5561224222183228 0
1744886591606 0.5867347121238708 1
1744886591617 0.5918367505073547 2
1744886591626 0.5867347121238708 3
1744886591634 0.6020408272743225 4
1744886591643 0.5867347121238708 5
1744886591652 0.5867347121238708 6
1744886591661 0.5765306353569031 7
1744886591669 0.5918367505073547 8
1744886591677 0.5918367505073547 9
1744886591685 0.6020408272743225 10
1744886591694 0.6020408272743225 11
1744886591703 0.5867347121238708 12
1744886591711 0.5765306353569031 13
1744886591719 0.5765306353569031 14
1744886591726 0.5969387888908386 15
1744886591736 0.5969387888908386 16
1744886591763 0.5867347121238708 17
1744886591771 0.5918367505073547 18
1744886591780 0.6173469424247742 19
1744886591788 0.6020408272743225 20
1744886591795 0.6326530575752258 21
1744886591804 0.6071428656578064 22
1744886591812 0.6071428656578064 23
1744886591820 0.6275510191917419 24
1744886591829 0.6275510191917419 25
1744886591837 0.6377550959587097 26
1744886591845 0.6428571343421936 27
