1744712586488 0.6929674744606018 0
1744712586503 0.6903798580169678 1
1744712586516 0.6881738901138306 2
1744712586528 0.6862690448760986 3
1744712586541 0.6837681531906128 4
1744712586554 0.681008517742157 5
1744712586566 0.6781828999519348 6
1744712586579 0.6752212643623352 7
1744712586592 0.673449695110321 8
1744712586604 0.6717655658721924 9
1744712586617 0.6702577471733093 10
1744712586630 0.6690468788146973 11
1744712586642 0.6675319075584412 12
1744712586654 0.6661873459815979 13
1744712586667 0.6653056144714355 14
1744712586679 0.6649709939956665 15
1744712586690 0.6636005640029907 16
1744712586702 0.663754403591156 17
1744712586715 0.6619861721992493 18
