1744712586481 0.5431472063064575 0
1744712586496 0.5685279369354248 1
1744712586509 0.5685279369354248 2
1744712586522 0.5736040472984314 3
1744712586535 0.5685279369354248 4
1744712586547 0.5634517669677734 5
1744712586560 0.5736040472984314 6
1744712586572 0.5736040472984314 7
1744712586586 0.5786802172660828 8
1744712586598 0.5786802172660828 9
1744712586610 0.5939086079597473 10
1744712586623 0.5989847779273987 11
1744712586636 0.5989847779273987 12
1744712586648 0.5989847779273987 13
1744712586660 0.5939086079597473 14
1744712586673 0.6040608882904053 15
1744712586685 0.5989847779273987 16
1744712586696 0.5989847779273987 17
1744712586709 0.6142131686210632 18
