1744368342377 0.5532994866371155 0
1744368342389 0.5329949259757996 1
1744368342400 0.5837563276290894 2
1744368342410 0.5786802172660828 3
1744368342425 0.5837563276290894 4
1744368342438 0.5786802172660828 5
1744368342450 0.5736040472984314 6
1744368342461 0.5888324975967407 7
1744368342471 0.5786802172660828 8
1744368342482 0.5786802172660828 9
1744368342491 0.5888324975967407 10
1744368342501 0.5989847779273987 11
1744368342510 0.5736040472984314 12
1744368342521 0.5888324975967407 13
1744368342531 0.5989847779273987 14
