1744368342383 0.6934868693351746 0
1744368342394 0.6924326419830322 1
1744368342405 0.6902289390563965 2
1744368342416 0.6886402368545532 3
1744368342431 0.6872597336769104 4
1744368342444 0.6857609748840332 5
1744368342456 0.6846112012863159 6
1744368342466 0.6834977269172668 7
1744368342476 0.6817978024482727 8
1744368342486 0.6812082529067993 9
1744368342496 0.6791598796844482 10
1744368342505 0.6777535080909729 11
1744368342515 0.6772950291633606 12
1744368342526 0.6756121516227722 13
1744368342536 0.6754612922668457 14
