1744282490417 0.7288070917129517 0
1744282490429 0.7291854619979858 1
1744282490439 0.7212998270988464 2
1744282490448 0.7317314743995667 3
1744282490458 0.722632646560669 4
1744282490470 0.7102653384208679 5
1744282490480 0.712446928024292 6
1744282490489 0.7025879621505737 7
1744282490499 0.7166709899902344 8
1744282490509 0.7140089273452759 9
1744282490518 0.7063664793968201 10
1744282490529 0.7115474343299866 11
1744282490538 0.6960667371749878 12
1744282490548 0.6976513266563416 13
1744282490560 0.6939783096313477 14
1744282490570 0.6973060369491577 15
1744282490580 0.7056785821914673 16
1744282490590 0.696681559085846 17
1744282490599 0.6994407773017883 18
1744282490609 0.6960658431053162 19
1744282490618 0.6967236399650574 20
1744282490627 0.6891912221908569 21
1744282490637 0.6888569593429565 22
1744282490647 0.6920151114463806 23
1744282490657 0.6956556439399719 24
1744282490668 0.6877157092094421 25
1744282490677 0.68768310546875 26
1744282490688 0.6892908811569214 27
1744282490699 0.6914555430412292 28
1744282490708 0.6939889788627625 29
