1744368237280 0.5177664756774902 0
1744368237293 0.5939086079597473 1
1744368237303 0.624365508556366 2
1744368237317 0.5837563276290894 3
1744368237327 0.5888324975967407 4
1744368237336 0.5837563276290894 5
1744368237345 0.5837563276290894 6
1744368237355 0.5685279369354248 7
1744368237364 0.5583756566047668 8
1744368237373 0.5685279369354248 9
1744368237384 0.5888324975967407 10
1744368237394 0.5786802172660828 11
1744368237403 0.5837563276290894 12
1744368237413 0.5786802172660828 13
1744368237422 0.5837563276290894 14
1744368237431 0.5888324975967407 15
1744368237442 0.5939086079597473 16
1744368237453 0.5888324975967407 17
1744368237463 0.5939086079597473 18
