1744368237286 0.6930828094482422 0
1744368237298 0.6902576088905334 1
1744368237309 0.6876723170280457 2
1744368237322 0.6873342394828796 3
1744368237331 0.6862970590591431 4
1744368237340 0.6840367317199707 5
1744368237350 0.6828157305717468 6
1744368237360 0.6821534633636475 7
1744368237369 0.682290256023407 8
1744368237380 0.6813649535179138 9
1744368237389 0.6802375316619873 10
1744368237398 0.6806248426437378 11
1744368237408 0.6770358681678772 12
1744368237418 0.6777255535125732 13
1744368237427 0.6759411096572876 14
1744368237436 0.6746329069137573 15
1744368237447 0.6758350729942322 16
1744368237458 0.6730231046676636 17
1744368237468 0.6717434525489807 18
