1744882334869 0.46700507402420044 0
1744882334886 0.5736040472984314 1
1744882334899 0.5482233762741089 2
1744882334913 0.5736040472984314 3
1744882334926 0.5685279369354248 4
1744882334940 0.5634517669677734 5
1744882334954 0.5634517669677734 6
1744882334968 0.5786802172660828 7
1744882334982 0.5634517669677734 8
1744882334995 0.5685279369354248 9
1744882335009 0.5634517669677734 10
1744882335023 0.5583756566047668 11
1744882335037 0.5634517669677734 12
1744882335051 0.5685279369354248 13
1744882335066 0.5736040472984314 14
1744882335079 0.5685279369354248 15
1744882335094 0.5786802172660828 16
1744882335108 0.5685279369354248 17
1744882335121 0.5837563276290894 18
