1744882334878 0.6935192346572876 0
1744882334893 0.691836953163147 1
1744882334906 0.692827582359314 2
1744882334919 0.6921750903129578 3
1744882334933 0.691368579864502 4
1744882334947 0.6911951303482056 5
1744882334961 0.6911362409591675 6
1744882334974 0.6895713806152344 7
1744882334989 0.6902968287467957 8
1744882335002 0.6897323727607727 9
1744882335016 0.6895692944526672 10
1744882335030 0.6886163949966431 11
1744882335044 0.6881859302520752 12
1744882335058 0.6881494522094727 13
1744882335072 0.6877575516700745 14
1744882335086 0.6879544258117676 15
1744882335101 0.6881398558616638 16
1744882335114 0.6875287890434265 17
1744882335128 0.6862573027610779 18
