1744712570440 0.6919454336166382 0
1744712570460 0.6919099688529968 1
1744712570473 0.691164493560791 2
1744712570486 0.6905982494354248 3
1744712570500 0.6889795660972595 4
1744712570515 0.6886268854141235 5
1744712570530 0.6877824068069458 6
1744712570544 0.6873931884765625 7
1744712570559 0.6857886910438538 8
1744712570574 0.6857302188873291 9
1744712570589 0.6856187582015991 10
1744712570605 0.6854830384254456 11
1744712570620 0.6833095550537109 12
1744712570636 0.6837801337242126 13
1744712570650 0.6831890940666199 14
1744712570663 0.6828809976577759 15
1744712570678 0.6811481714248657 16
1744712570691 0.6820046901702881 17
1744712570704 0.6793419122695923 18
