1744712570433 0.5177664756774902 0
1744712570452 0.5583756566047668 1
1744712570466 0.5532994866371155 2
1744712570479 0.5532994866371155 3
1744712570493 0.5482233762741089 4
1744712570508 0.5888324975967407 5
1744712570522 0.5583756566047668 6
1744712570537 0.5888324975967407 7
1744712570551 0.5888324975967407 8
1744712570567 0.5634517669677734 9
1744712570581 0.5736040472984314 10
1744712570597 0.5736040472984314 11
1744712570612 0.5837563276290894 12
1744712570628 0.5634517669677734 13
1744712570643 0.5736040472984314 14
1744712570657 0.5736040472984314 15
1744712570671 0.6040608882904053 16
1744712570684 0.5837563276290894 17
1744712570697 0.5634517669677734 18
