1744881568512 0.4568527936935425 0
1744881568529 0.5888324975967407 1
1744881568550 0.6091370582580566 2
1744881568565 0.6192893385887146 3
1744881568583 0.6142131686210632 4
1744881568597 0.5989847779273987 5
1744881568612 0.5989847779273987 6
1744881568627 0.5786802172660828 7
1744881568640 0.6142131686210632 8
1744881568652 0.5939086079597473 9
1744881568665 0.6142131686210632 10
1744881568677 0.624365508556366 11
1744881568689 0.5837563276290894 12
1744881568701 0.6294416189193726 13
1744881568713 0.624365508556366 14
1744881568725 0.6040608882904053 15
1744881568737 0.6192893385887146 16
1744881568749 0.6192893385887146 17
1744881568761 0.6091370582580566 18
1744881568773 0.6040608882904053 19
1744881568786 0.5939086079597473 20
