1744881568520 0.6931403279304504 0
1744881568536 0.6925058960914612 1
1744881568558 0.6913105845451355 2
1744881568573 0.6916720271110535 3
1744881568591 0.6897468566894531 4
1744881568604 0.6905778646469116 5
1744881568619 0.6888520121574402 6
1744881568633 0.689878523349762 7
1744881568646 0.6874008774757385 8
1744881568659 0.6877462267875671 9
1744881568671 0.6872881650924683 10
1744881568683 0.6860054135322571 11
1744881568695 0.6882041692733765 12
1744881568707 0.6839361786842346 13
1744881568719 0.6838880777359009 14
1744881568731 0.684073269367218 15
1744881568743 0.681379497051239 16
1744881568755 0.681938648223877 17
1744881568767 0.6848415732383728 18
1744881568779 0.6826164722442627 19
1744881568794 0.6816530227661133 20
