1744882520751 0.6928339004516602 0
1744882520773 0.6927196383476257 1
1744882520794 0.6928728222846985 2
1744882520810 0.6923300623893738 3
1744882520826 0.6920173764228821 4
1744882520842 0.6920514702796936 5
1744882520858 0.6928038001060486 6
1744882520872 0.6919201612472534 7
1744882520890 0.6914178729057312 8
1744882520906 0.6915073990821838 9
1744882520923 0.6908770799636841 10
1744882520938 0.6910500526428223 11
1744882520953 0.6908240914344788 12
1744882520968 0.6910895109176636 13
1744882520983 0.6904245615005493 14
1744882520998 0.6905796527862549 15
1744882521012 0.6895597577095032 16
1744882521027 0.6892201900482178 17
1744882521041 0.6890081167221069 18
