1744711300315 0.6197916865348816 0
1744711300328 0.6145833134651184 1
1744711300339 0.6145833134651184 2
1744711300350 0.6145833134651184 3
1744711300361 0.6145833134651184 4
1744711300372 0.6145833134651184 5
1744711300384 0.609375 6
1744711300402 0.5989583134651184 7
1744711300414 0.6302083134651184 8
1744711300425 0.6302083134651184 9
1744711300437 0.6302083134651184 10
1744711300448 0.6197916865348816 11
1744711300459 0.640625 12
1744711300471 0.6145833134651184 13
1744711300482 0.6197916865348816 14
1744711300493 0.6302083134651184 15
1744711300504 0.6145833134651184 16
1744711300515 0.6145833134651184 17
1744711300526 0.6145833134651184 18
1744711300538 0.6041666865348816 19
1744711300549 0.640625 20
1744711300562 0.625 21
1744711300573 0.609375 22
1744711300584 0.6354166865348816 23
1744711300595 0.6458333134651184 24
1744711300606 0.625 25
1744711300617 0.625 26
1744711300628 0.609375 27
1744711300639 0.6302083134651184 28
1744711300650 0.6197916865348816 29
