1744711300322 0.6815705299377441 0
1744711300333 0.6682502627372742 1
1744711300344 0.6661086082458496 2
1744711300356 0.6611856818199158 3
1744711300367 0.663192868232727 4
1744711300378 0.6548708081245422 5
1744711300397 0.6588519215583801 6
1744711300408 0.6582171320915222 7
1744711300420 0.6566652655601501 8
1744711300431 0.6559697985649109 9
1744711300442 0.6499763131141663 10
1744711300454 0.6567094326019287 11
1744711300465 0.6520019173622131 12
1744711300476 0.6502683758735657 13
1744711300487 0.6527100801467896 14
1744711300499 0.6582152247428894 15
1744711300510 0.6573418974876404 16
1744711300521 0.6574499011039734 17
1744711300532 0.6511965394020081 18
1744711300544 0.6542948484420776 19
1744711300555 0.6455051302909851 20
1744711300567 0.6471288204193115 21
1744711300578 0.6639103293418884 22
1744711300589 0.6563624143600464 23
1744711300600 0.647660493850708 24
1744711300612 0.648358166217804 25
1744711300623 0.6553239822387695 26
1744711300634 0.6564294695854187 27
1744711300645 0.6436828970909119 28
1744711300656 0.6515039801597595 29
