1744712825742 0.6927854418754578 0
1744712825755 0.6908349990844727 1
1744712825769 0.6898593902587891 2
1744712825782 0.6878148317337036 3
1744712825794 0.6861443519592285 4
1744712825806 0.6845739483833313 5
1744712825819 0.6832929849624634 6
1744712825831 0.680792510509491 7
1744712825850 0.6790091395378113 8
1744712825864 0.6776180863380432 9
1744712825876 0.6753074526786804 10
1744712825889 0.6741107106208801 11
1744712825904 0.6728795766830444 12
1744712825917 0.6720806360244751 13
1744712825930 0.6716145873069763 14
1744712825944 0.6710292100906372 15
1744712825959 0.6704512238502502 16
1744712825971 0.6696736216545105 17
1744712825985 0.6690314412117004 18
1744712825998 0.6673259735107422 19
1744712826011 0.6668636798858643 20
1744712826024 0.666005551815033 21
1744712826037 0.6654525995254517 22
1744712826049 0.6650483012199402 23
1744712826062 0.6640021800994873 24
1744712826076 0.6636233329772949 25
