1744886068314 0.4948979616165161 0
1744886068330 0.5357142686843872 1
1744886068339 0.5663265585899353 2
1744886068348 0.5867347121238708 3
1744886068358 0.5867347121238708 4
1744886068366 0.5867347121238708 5
1744886068374 0.5867347121238708 6
1744886068383 0.5867347121238708 7
1744886068392 0.581632673740387 8
1744886068401 0.5867347121238708 9
1744886068409 0.5867347121238708 10
1744886068419 0.5867347121238708 11
1744886068427 0.5969387888908386 12
1744886068436 0.5918367505073547 13
1744886068445 0.5969387888908386 14
1744886068454 0.581632673740387 15
1744886068462 0.581632673740387 16
1744886068470 0.6122449040412903 17
1744886068478 0.5969387888908386 18
