1744886068325 0.6936096549034119 0
1744886068334 0.6916780471801758 1
1744886068344 0.6887463927268982 2
1744886068353 0.6866318583488464 3
1744886068362 0.685701310634613 4
1744886068370 0.6825898885726929 5
1744886068378 0.6813267469406128 6
1744886068387 0.6775574088096619 7
1744886068397 0.6775150895118713 8
1744886068405 0.6736209392547607 9
1744886068413 0.6723278760910034 10
1744886068423 0.6720515489578247 11
1744886068431 0.6652624011039734 12
1744886068440 0.6701420545578003 13
1744886068450 0.6633146405220032 14
1744886068458 0.6629489064216614 15
1744886068466 0.6646140813827515 16
1744886068474 0.657817542552948 17
1744886068483 0.6559464335441589 18
