1743762794265 0.6086956262588501 0
1743762794277 0.5652173757553101 1
1743762794287 0.5652173757553101 2
1743762794300 0.6521739363670349 3
1743762794311 0.3913043439388275 4
1743762794326 0.6521739363670349 5
1743762794338 0.6086956262588501 6
1743762794354 0.6086956262588501 7
1743762794366 0.5652173757553101 8
1743762794377 0.6086956262588501 9
1743762794389 0.6086956262588501 10
1743762794401 0.52173912525177 11
1743762794412 0.6086956262588501 12
1743762794427 0.3913043439388275 13
1743762794446 0.5652173757553101 14
1743762794463 0.6521739363670349 15
1743762794474 0.695652186870575 16
1743762794486 0.5652173757553101 17
1743762794497 0.6521739363670349 18
1743762794507 0.695652186870575 19
1743762794518 0.52173912525177 20
1743762794527 0.6521739363670349 21
