1743762794271 0.681809663772583 0
1743762794282 0.6841874122619629 1
1743762794294 0.6788855195045471 2
1743762794305 0.660792887210846 3
1743762794319 0.7209417819976807 4
1743762794332 0.6609618663787842 5
1743762794347 0.6928818225860596 6
1743762794360 0.6552901268005371 7
1743762794372 0.6965563297271729 8
1743762794383 0.6561877727508545 9
1743762794395 0.6920379400253296 10
1743762794406 0.6766719818115234 11
1743762794418 0.6501402854919434 12
1743762794437 0.6653099060058594 13
1743762794456 0.6769797205924988 14
1743762794468 0.6604093313217163 15
1743762794480 0.6309749484062195 16
1743762794492 0.64752596616745 17
1743762794502 0.6596599817276001 18
1743762794512 0.6520525813102722 19
1743762794523 0.6567165851593018 20
1743762794533 0.642733097076416 21
