1744711782359 0.6931824684143066 0
1744711782369 0.6926432251930237 1
1744711782379 0.6926088333129883 2
1744711782388 0.6923540830612183 3
1744711782401 0.6920347213745117 4
1744711782416 0.6919830441474915 5
1744711782425 0.6921092867851257 6
1744711782435 0.6919530630111694 7
1744711782445 0.691823422908783 8
1744711782454 0.691554605960846 9
1744711782464 0.6914142370223999 10
1744711782473 0.6920866966247559 11
1744711782483 0.6911652088165283 12
1744711782493 0.6912656426429749 13
1744711782501 0.6913257837295532 14
1744711782510 0.6918309330940247 15
1744711782519 0.691166341304779 16
1744711782527 0.6906746029853821 17
1744711782536 0.6907092928886414 18
1744711782544 0.6912209987640381 19
1744711782553 0.6908818483352661 20
