1744711782352 0.44162437319755554 0
1744711782364 0.5329949259757996 1
1744711782374 0.5482233762741089 2
1744711782383 0.5532994866371155 3
1744711782396 0.5685279369354248 4
1744711782406 0.5736040472984314 5
1744711782421 0.5532994866371155 6
1744711782430 0.5329949259757996 7
1744711782440 0.5634517669677734 8
1744711782449 0.5989847779273987 9
1744711782459 0.5736040472984314 10
1744711782468 0.5532994866371155 11
1744711782478 0.5939086079597473 12
1744711782488 0.5888324975967407 13
1744711782497 0.5634517669677734 14
1744711782506 0.5228426456451416 15
1744711782514 0.6142131686210632 16
1744711782523 0.5837563276290894 17
1744711782532 0.5736040472984314 18
1744711782540 0.5482233762741089 19
1744711782548 0.5532994866371155 20
