1744712664102 0.6931169629096985 0
1744712664116 0.6878478527069092 1
1744712664129 0.6833779811859131 2
1744712664140 0.6792206764221191 3
1744712664161 0.6749722361564636 4
1744712664173 0.6724448204040527 5
1744712664185 0.6706076860427856 6
1744712664197 0.6697950959205627 7
1744712664209 0.669769287109375 8
1744712664221 0.6684233546257019 9
1744712664233 0.6680690050125122 10
1744712664245 0.6668837666511536 11
1744712664256 0.6658093333244324 12
1744712664269 0.6653342247009277 13
1744712664281 0.6639161705970764 14
1744712664294 0.6636297702789307 15
1744712664305 0.6630641222000122 16
1744712664317 0.6619895696640015 17
1744712664330 0.6609338521957397 18
1744712664343 0.6615657210350037 19
1744712664355 0.660370945930481 20
1744712664367 0.659321129322052 21
1744712664379 0.6580184102058411 22
