1744712664096 0.49238577485084534 0
1744712664109 0.5837563276290894 1
1744712664122 0.5989847779273987 2
1744712664135 0.5888324975967407 3
1744712664148 0.5888324975967407 4
1744712664167 0.5786802172660828 5
1744712664179 0.5837563276290894 6
1744712664190 0.5939086079597473 7
1744712664203 0.5888324975967407 8
1744712664215 0.5888324975967407 9
1744712664227 0.5939086079597473 10
1744712664238 0.5989847779273987 11
1744712664251 0.5989847779273987 12
1744712664263 0.6040608882904053 13
1744712664275 0.5989847779273987 14
1744712664287 0.5888324975967407 15
1744712664300 0.5989847779273987 16
1744712664312 0.6091370582580566 17
1744712664323 0.6040608882904053 18
1744712664336 0.5989847779273987 19
1744712664349 0.6091370582580566 20
1744712664361 0.6040608882904053 21
1744712664372 0.6040608882904053 22
