1744886310145 0.6924586892127991 0
1744886310154 0.691613495349884 1
1744886310162 0.691743791103363 2
1744886310170 0.6924665570259094 3
1744886310179 0.6877744197845459 4
1744886310187 0.6905726790428162 5
1744886310195 0.6897750496864319 6
1744886310203 0.6883959174156189 7
1744886310212 0.687781572341919 8
1744886310220 0.6866246461868286 9
1744886310228 0.6854044198989868 10
1744886310236 0.6856448650360107 11
1744886310244 0.6847836971282959 12
1744886310262 0.6840675473213196 13
1744886310270 0.683807909488678 14
1744886310286 0.6833907961845398 15
1744886310300 0.6812921762466431 16
1744886310308 0.6803159713745117 17
1744886310315 0.6809214353561401 18
1744886310324 0.6802679300308228 19
