1744886310140 0.5204081535339355 0
1744886310149 0.5765306353569031 1
1744886310158 0.5510203838348389 2
1744886310166 0.5612244606018066 3
1744886310175 0.6326530575752258 4
1744886310183 0.581632673740387 5
1744886310191 0.5867347121238708 6
1744886310199 0.6326530575752258 7
1744886310207 0.6020408272743225 8
1744886310216 0.5714285969734192 9
1744886310224 0.581632673740387 10
1744886310232 0.581632673740387 11
1744886310240 0.5918367505073547 12
1744886310248 0.5765306353569031 13
1744886310266 0.5867347121238708 14
1744886310280 0.5867347121238708 15
1744886310294 0.5918367505073547 16
1744886310304 0.581632673740387 17
1744886310311 0.581632673740387 18
1744886310320 0.581632673740387 19
