1744886742576 0.6919841170310974 0
1744886742587 0.6907852292060852 1
1744886742597 0.6897090077400208 2
1744886742606 0.6889297366142273 3
1744886742616 0.6882990002632141 4
1744886742625 0.6873476505279541 5
1744886742634 0.6867641806602478 6
1744886742643 0.685706377029419 7
1744886742652 0.6849520206451416 8
1744886742661 0.68415367603302 9
1744886742670 0.6830665469169617 10
1744886742680 0.682215690612793 11
1744886742689 0.6814283132553101 12
1744886742697 0.680607259273529 13
1744886742711 0.6793787479400635 14
1744886742721 0.6781801581382751 15
1744886742731 0.6771708130836487 16
1744886742743 0.6759570240974426 17
1744886742755 0.674903929233551 18
