1744282125647 0.5051020383834839 0
1744282125689 0.4897959232330322 1
1744282125702 0.5051020383834839 2
1744282125713 0.5153061151504517 3
1744282125724 0.5 4
1744282125896 0.545918345451355 5
1744282125967 0.5255101919174194 6
1744282126003 0.5663265585899353 7
1744282126036 0.5408163070678711 8
1744282126056 0.5153061151504517 9
1744282126068 0.581632673740387 10
1744282126080 0.5510203838348389 11
1744282126095 0.5867347121238708 12
1744282126110 0.5561224222183228 13
1744282126123 0.6173469424247742 14
1744282126134 0.5408163070678711 15
1744282126145 0.6020408272743225 16
1744282126157 0.5765306353569031 17
1744282126170 0.6224489808082581 18
1744282126190 0.5714285969734192 19
1744282126201 0.5561224222183228 20
1744282126212 0.5714285969734192 21
1744282126224 0.5510203838348389 22
1744282126234 0.5663265585899353 23
1744282126245 0.5765306353569031 24
1744282126256 0.5663265585899353 25
1744282126268 0.5663265585899353 26
1744282126281 0.5561224222183228 27
1744282126292 0.545918345451355 28
1744282126304 0.6071428656578064 29
