1744282125662 0.7148633599281311 0
1744282125696 0.7120824456214905 1
1744282125708 0.7031468749046326 2
1744282125719 0.6983319520950317 3
1744282125729 0.7057159543037415 4
1744282125934 0.6969953179359436 5
1744282125986 0.7027851939201355 6
1744282126022 0.687717854976654 7
1744282126048 0.693672239780426 8
1744282126062 0.6971890926361084 9
1744282126074 0.6855360269546509 10
1744282126086 0.6830657720565796 11
1744282126103 0.6828210949897766 12
1744282126116 0.6874604225158691 13
1744282126128 0.6762085556983948 14
1744282126139 0.6855832934379578 15
1744282126151 0.6754004955291748 16
1744282126163 0.6806231737136841 17
1744282126178 0.6779409646987915 18
1744282126195 0.6738035082817078 19
1744282126206 0.680390477180481 20
1744282126219 0.6806930899620056 21
1744282126229 0.678271472454071 22
1744282126240 0.6774990558624268 23
1744282126251 0.672028124332428 24
1744282126262 0.6750463247299194 25
1744282126273 0.670967698097229 26
1744282126286 0.6755831241607666 27
1744282126298 0.6724278926849365 28
1744282126310 0.6730348467826843 29
