1744401676143 0.7205052375793457 0
1744401676154 0.6558670997619629 1
1744401676165 0.6499431133270264 2
1744401676176 0.6317889094352722 3
1744401676187 0.6161858439445496 4
1744401676198 0.6059929728507996 5
1744401676210 0.5905299782752991 6
1744401676222 0.5954994559288025 7
1744401676233 0.6255042552947998 8
1744401676244 0.5928325653076172 9
1744401676255 0.5986085534095764 10
1744401676265 0.5677969455718994 11
1744401676277 0.577058732509613 12
1744401676287 0.5647407174110413 13
1744401676298 0.570723295211792 14
1744401676308 0.5527615547180176 15
1744401676319 0.5391455292701721 16
1744401676329 0.5558488965034485 17
1744401676340 0.5447770357131958 18
1744401676350 0.5543515086174011 19
1744401676361 0.5267178416252136 20
1744401676372 0.5222294330596924 21
1744401676383 0.5243356227874756 22
1744401676393 0.5132595896720886 23
1744401676403 0.5184045433998108 24
