1744397330224 0.6930260062217712 0
1744397330244 0.6928115487098694 1
1744397330255 0.692935585975647 2
1744397330271 0.692849338054657 3
1744397330283 0.6926263570785522 4
1744397330295 0.6924270987510681 5
1744397330307 0.6918966174125671 6
1744397330319 0.6916742324829102 7
1744397330334 0.6919450163841248 8
1744397330344 0.6914008855819702 9
1744397330356 0.6910759806632996 10
1744397330368 0.6907062530517578 11
1744397330378 0.6919136643409729 12
1744397330388 0.6905030608177185 13
1744397330398 0.6909779906272888 14
1744397330408 0.6907914876937866 15
