1744397330219 0.46700507402420044 0
1744397330230 0.48730963468551636 1
1744397330249 0.5177664756774902 2
1744397330261 0.5279187560081482 3
1744397330277 0.5532994866371155 4
1744397330289 0.5279187560081482 5
1744397330301 0.5685279369354248 6
1744397330313 0.5837563276290894 7
1744397330326 0.5482233762741089 8
1744397330339 0.5786802172660828 9
1744397330350 0.5634517669677734 10
1744397330362 0.5786802172660828 11
1744397330373 0.5431472063064575 12
1744397330383 0.5685279369354248 13
1744397330393 0.5634517669677734 14
1744397330403 0.5736040472984314 15
