1744400920782 0.7009027004241943 0
1744400920795 0.6970035433769226 1
1744400920810 0.6933594346046448 2
1744400920823 0.690252959728241 3
1744400920836 0.6877277493476868 4
1744400920849 0.6845119595527649 5
1744400920862 0.6819798350334167 6
1744400920874 0.6799943447113037 7
1744400920887 0.6778967976570129 8
1744400920900 0.6758861541748047 9
1744400920915 0.6739112734794617 10
1744400920926 0.6723475456237793 11
1744400920937 0.6706137657165527 12
1744400920948 0.6691062450408936 13
1744400920960 0.6676041483879089 14
1744400920972 0.6661342978477478 15
1744400920984 0.6650020480155945 16
