1744400920776 0.4895833432674408 0
1744400920788 0.4791666567325592 1
1744400920802 0.515625 2
1744400920817 0.5104166865348816 3
1744400920829 0.5364583134651184 4
1744400920843 0.5416666865348816 5
1744400920855 0.5677083134651184 6
1744400920868 0.5885416865348816 7
1744400920881 0.6145833134651184 8
1744400920894 0.6302083134651184 9
1744400920907 0.6302083134651184 10
1744400920920 0.6354166865348816 11
1744400920932 0.6197916865348816 12
1744400920943 0.6302083134651184 13
1744400920954 0.640625 14
1744400920966 0.6510416865348816 15
1744400920978 0.6458333134651184 16
