1744712003226 0.48730963468551636 0
1744712003236 0.4974619150161743 1
1744712003244 0.49238577485084534 2
1744712003253 0.5329949259757996 3
1744712003262 0.5076141953468323 4
1744712003271 0.5532994866371155 5
1744712003280 0.5431472063064575 6
1744712003290 0.5583756566047668 7
1744712003299 0.5329949259757996 8
1744712003308 0.5634517669677734 9
1744712003317 0.5482233762741089 10
1744712003326 0.5736040472984314 11
1744712003336 0.5482233762741089 12
1744712003345 0.5482233762741089 13
1744712003354 0.5786802172660828 14
1744712003366 0.5736040472984314 15
1744712003376 0.5583756566047668 16
