1744367825583 0.48730963468551636 0
1744367825598 0.4771573543548584 1
1744367825609 0.4771573543548584 2
1744367825617 0.5025380849838257 3
1744367825625 0.5126903653144836 4
1744367825633 0.4822334945201874 5
1744367825641 0.5228426456451416 6
1744367825649 0.49238577485084534 7
1744367825658 0.5076141953468323 8
1744367825666 0.5076141953468323 9
1744367825674 0.4568527936935425 10
1744367825682 0.5431472063064575 11
1744367825690 0.5532994866371155 12
1744367825698 0.5380710363388062 13
1744367825706 0.5380710363388062 14
1744367825715 0.5177664756774902 15
1744367825722 0.5329949259757996 16
1744367825730 0.5177664756774902 17
1744367825738 0.5431472063064575 18
1744367825746 0.5279187560081482 19
1744367825753 0.5482233762741089 20
1744367825760 0.5279187560081482 21
1744367825768 0.5228426456451416 22
1744367825776 0.5685279369354248 23
1744367825784 0.5634517669677734 24
1744367825791 0.5076141953468323 25
1744367825799 0.5736040472984314 26
1744367825807 0.5583756566047668 27
1744367825815 0.5685279369354248 28
1744367825823 0.5380710363388062 29
