1744367800746 0.4822334945201874 0
1744367800755 0.5329949259757996 1
1744367800763 0.4822334945201874 2
1744367800772 0.5025380849838257 3
1744367800780 0.4822334945201874 4
1744367800788 0.5583756566047668 5
1744367800796 0.5634517669677734 6
1744367800803 0.48730963468551636 7
1744367800811 0.5583756566047668 8
1744367800819 0.5431472063064575 9
1744367800826 0.4720812141895294 10
1744367800834 0.5482233762741089 11
1744367800841 0.5380710363388062 12
1744367800849 0.5837563276290894 13
1744367800857 0.5685279369354248 14
1744367800865 0.5736040472984314 15
1744367800874 0.5380710363388062 16
1744367800882 0.5532994866371155 17
1744367800889 0.5685279369354248 18
1744367800897 0.5532994866371155 19
1744367800905 0.5989847779273987 20
1744367800913 0.5786802172660828 21
1744367800921 0.5583756566047668 22
1744367800929 0.5837563276290894 23
1744367800937 0.5532994866371155 24
1744367800945 0.5837563276290894 25
1744367800953 0.5583756566047668 26
1744367800960 0.5634517669677734 27
1744367800968 0.5634517669677734 28
1744367800976 0.5736040472984314 29
