1744367800750 0.6940242052078247 0
1744367800759 0.6932616233825684 1
1744367800768 0.6931862831115723 2
1744367800776 0.6933728456497192 3
1744367800784 0.6928326487541199 4
1744367800792 0.6926739811897278 5
1744367800800 0.692313015460968 6
1744367800807 0.6935790181159973 7
1744367800815 0.6926316022872925 8
1744367800823 0.693030834197998 9
1744367800830 0.6934119462966919 10
1744367800838 0.6928374767303467 11
1744367800845 0.6925400495529175 12
1744367800852 0.6918520927429199 13
1744367800861 0.6920351386070251 14
1744367800869 0.6919485330581665 15
1744367800878 0.692207396030426 16
1744367800886 0.6924581527709961 17
1744367800893 0.6919994950294495 18
1744367800901 0.6911768913269043 19
1744367800909 0.6915586590766907 20
1744367800917 0.6913143992424011 21
1744367800925 0.6906556487083435 22
1744367800933 0.6913245320320129 23
1744367800941 0.6913548111915588 24
1744367800949 0.690087616443634 25
1744367800956 0.6908971071243286 26
1744367800964 0.6908226013183594 27
1744367800972 0.6904234290122986 28
1744367800980 0.6903189420700073 29
