1744397013691 0.4974619150161743 0
1744397013702 0.5939086079597473 1
1744397013713 0.5786802172660828 2
1744397013723 0.6040608882904053 3
1744397013734 0.5786802172660828 4
1744397013744 0.5786802172660828 5
1744397013754 0.5786802172660828 6
1744397013765 0.5736040472984314 7
1744397013776 0.5786802172660828 8
1744397013786 0.5786802172660828 9
1744397013796 0.5786802172660828 10
1744397013806 0.5786802172660828 11
1744397013816 0.5837563276290894 12
1744397013827 0.5685279369354248 13
1744397013837 0.5939086079597473 14
1744397013847 0.5786802172660828 15
