1744397013697 0.692689836025238 0
1744397013708 0.6920249462127686 1
1744397013718 0.6905579566955566 2
1744397013729 0.6894453167915344 3
1744397013739 0.6895942687988281 4
1744397013749 0.689396321773529 5
1744397013759 0.6880456805229187 6
1744397013770 0.6868444681167603 7
1744397013781 0.6868335604667664 8
1744397013791 0.6850208640098572 9
1744397013801 0.6837436556816101 10
1744397013811 0.684075117111206 11
1744397013821 0.6833475232124329 12
1744397013832 0.6828790903091431 13
1744397013842 0.6796712875366211 14
1744397013852 0.6808693408966064 15
