1744400811751 0.6853265166282654 0
1744400811760 0.6705020070075989 1
1744400811768 0.6576138138771057 2
1744400811777 0.6527056097984314 3
1744400811785 0.6515260338783264 4
1744400811794 0.6469876170158386 5
1744400811803 0.642791211605072 6
1744400811811 0.6448237299919128 7
1744400811820 0.6454481482505798 8
1744400811830 0.6405223608016968 9
1744400811840 0.6384882926940918 10
1744400811849 0.6396133303642273 11
1744400811858 0.6395774483680725 12
1744400811867 0.6356359720230103 13
1744400811876 0.6329165101051331 14
1744400811886 0.6329242587089539 15
1744400811895 0.630387008190155 16
1744400811904 0.630285382270813 17
1744400811914 0.6264063715934753 18
1744400811923 0.6298560500144958 19
