1744400811747 0.5520833134651184 0
1744400811755 0.609375 1
1744400811764 0.6510416865348816 2
1744400811772 0.65625 3
1744400811781 0.640625 4
1744400811790 0.6510416865348816 5
1744400811798 0.6510416865348816 6
1744400811807 0.6458333134651184 7
1744400811816 0.640625 8
1744400811825 0.6510416865348816 9
1744400811835 0.65625 10
1744400811844 0.640625 11
1744400811853 0.65625 12
1744400811862 0.65625 13
1744400811871 0.65625 14
1744400811881 0.65625 15
1744400811890 0.6614583134651184 16
1744400811899 0.6614583134651184 17
1744400811909 0.65625 18
1744400811918 0.6770833134651184 19
