1744712987107 0.4314720928668976 0
1744712987119 0.5939086079597473 1
1744712987130 0.5685279369354248 2
1744712987142 0.5685279369354248 3
1744712987154 0.5634517669677734 4
1744712987165 0.5634517669677734 5
1744712987177 0.5634517669677734 6
1744712987192 0.5634517669677734 7
1744712987213 0.5532994866371155 8
1744712987225 0.5532994866371155 9
1744712987236 0.5532994866371155 10
1744712987247 0.5532994866371155 11
1744712987259 0.5583756566047668 12
1744712987272 0.5736040472984314 13
1744712987285 0.5837563276290894 14
1744712987297 0.5888324975967407 15
1744712987308 0.5939086079597473 16
1744712987320 0.6091370582580566 17
1744712987332 0.6142131686210632 18
1744712987343 0.6142131686210632 19
1744712987355 0.6091370582580566 20
1744712987367 0.6091370582580566 21
1744712987379 0.6142131686210632 22
1744712987391 0.6091370582580566 23
1744712987402 0.6091370582580566 24
