1744712987113 0.6933938264846802 0
1744712987124 0.6919625401496887 1
1744712987136 0.6905527710914612 2
1744712987148 0.68919837474823 3
1744712987159 0.6875979900360107 4
1744712987171 0.685936450958252 5
1744712987186 0.6837326288223267 6
1744712987198 0.6818984746932983 7
1744712987219 0.6794081330299377 8
1744712987230 0.6778959631919861 9
1744712987242 0.6765227913856506 10
1744712987253 0.675089418888092 11
1744712987265 0.6739558577537537 12
1744712987279 0.6726654171943665 13
1744712987291 0.6714798212051392 14
1744712987302 0.6700147986412048 15
1744712987314 0.6688685417175293 16
1744712987326 0.6677731871604919 17
1744712987338 0.6671057343482971 18
1744712987349 0.6664115190505981 19
1744712987361 0.6648536324501038 20
1744712987373 0.6636781692504883 21
1744712987384 0.6628857851028442 22
1744712987396 0.6623985767364502 23
1744712987408 0.6615587472915649 24
