1743763465059 0.6939398050308228 0
1743763465070 0.6681576371192932 1
1743763465080 0.6524448394775391 2
1743763465090 0.6352863311767578 3
1743763465099 0.6260668635368347 4
1743763465109 0.6155626773834229 5
1743763465121 0.6097769737243652 6
1743763465133 0.6020075678825378 7
1743763465144 0.5952636003494263 8
1743763465153 0.5905275344848633 9
1743763465162 0.5853961706161499 10
1743763465171 0.5817683935165405 11
1743763465179 0.5766533613204956 12
1743763465188 0.5719609260559082 13
1743763465197 0.5699061751365662 14
