1743763465055 0.47826087474823 0
1743763465065 0.6521739363670349 1
1743763465075 0.6521739363670349 2
1743763465085 0.6521739363670349 3
1743763465094 0.695652186870575 4
1743763465104 0.695652186870575 5
1743763465114 0.6521739363670349 6
1743763465127 0.695652186870575 7
1743763465140 0.695652186870575 8
1743763465148 0.695652186870575 9
1743763465157 0.695652186870575 10
1743763465166 0.6521739363670349 11
1743763465175 0.695652186870575 12
1743763465183 0.739130437374115 13
1743763465193 0.739130437374115 14
