1744397040897 0.6927434206008911 0
1744397040918 0.6914398074150085 1
1744397040934 0.6904707551002502 2
1744397040948 0.6894137859344482 3
1744397040962 0.6882585287094116 4
1744397040976 0.6871727705001831 5
1744397040990 0.6860744953155518 6
1744397041003 0.6848214268684387 7
1744397041017 0.6835548877716064 8
1744397041032 0.6827760338783264 9
1744397041050 0.6818273663520813 10
1744397041064 0.6808089017868042 11
1744397041077 0.6795428395271301 12
1744397041092 0.6784789562225342 13
1744397041106 0.6771628260612488 14
1744397041119 0.6755423545837402 15
1744397041133 0.6739882826805115 16
1744397041147 0.6721278429031372 17
1744397041161 0.6714892983436584 18
1744397041175 0.6696495413780212 19
