1744397040888 0.5532994866371155 0
1744397040911 0.5685279369354248 1
1744397040926 0.5634517669677734 2
1744397040941 0.5685279369354248 3
1744397040955 0.5786802172660828 4
1744397040969 0.5736040472984314 5
1744397040983 0.5736040472984314 6
1744397040996 0.5736040472984314 7
1744397041011 0.5736040472984314 8
1744397041024 0.5736040472984314 9
1744397041040 0.5634517669677734 10
1744397041057 0.5583756566047668 11
1744397041070 0.5837563276290894 12
1744397041084 0.5837563276290894 13
1744397041099 0.5888324975967407 14
1744397041112 0.5888324975967407 15
1744397041127 0.5837563276290894 16
1744397041140 0.5837563276290894 17
1744397041154 0.5939086079597473 18
1744397041168 0.5888324975967407 19
