1744282456946 0.5510203838348389 0
1744282456956 0.5408163070678711 1
1744282456966 0.545918345451355 2
1744282456977 0.545918345451355 3
1744282456987 0.545918345451355 4
1744282456997 0.5612244606018066 5
1744282457006 0.5714285969734192 6
1744282457016 0.5612244606018066 7
1744282457026 0.5612244606018066 8
1744282457035 0.5714285969734192 9
1744282457043 0.5867347121238708 10
1744282457053 0.6020408272743225 11
1744282457062 0.5867347121238708 12
1744282457071 0.6020408272743225 13
1744282457081 0.5918367505073547 14
1744282457090 0.5969387888908386 15
1744282457100 0.6122449040412903 16
1744282457110 0.6071428656578064 17
1744282457120 0.6071428656578064 18
1744282457131 0.6020408272743225 19
1744282457141 0.6224489808082581 20
