1744282456951 0.697404146194458 0
1744282456961 0.68466717004776 1
1744282456972 0.6796836256980896 2
1744282456982 0.6774520874023438 3
1744282456992 0.6744683980941772 4
1744282457002 0.6713184714317322 5
1744282457011 0.6690487861633301 6
1744282457021 0.6679515242576599 7
1744282457030 0.6659493446350098 8
1744282457039 0.6665422916412354 9
1744282457048 0.663616955280304 10
1744282457057 0.6624047160148621 11
1744282457066 0.6614091992378235 12
1744282457076 0.6600350141525269 13
1744282457086 0.6597875356674194 14
1744282457095 0.6586443781852722 15
1744282457105 0.6564362049102783 16
1744282457115 0.6548427939414978 17
1744282457125 0.6543682813644409 18
1744282457136 0.6529929637908936 19
1744282457146 0.6534785032272339 20
