1744712888799 0.5532994866371155 0
1744712888815 0.5736040472984314 1
1744712888835 0.5837563276290894 2
1744712888851 0.5736040472984314 3
1744712888863 0.5786802172660828 4
1744712888884 0.5736040472984314 5
1744712888895 0.5583756566047668 6
1744712888907 0.5736040472984314 7
1744712888919 0.5837563276290894 8
1744712888931 0.5685279369354248 9
1744712888943 0.5482233762741089 10
1744712888957 0.5786802172660828 11
1744712888969 0.5634517669677734 12
1744712888982 0.5736040472984314 13
1744712888994 0.5888324975967407 14
1744712889006 0.5685279369354248 15
1744712889017 0.5786802172660828 16
1744712889028 0.6040608882904053 17
1744712889040 0.5837563276290894 18
1744712889052 0.5736040472984314 19
1744712889068 0.5837563276290894 20
