1744712510792 0.6928214430809021 0
1744712510806 0.6911863684654236 1
1744712510819 0.6896582245826721 2
1744712510833 0.6883382797241211 3
1744712510846 0.6870487928390503 4
1744712510860 0.6856643557548523 5
1744712510871 0.6842429041862488 6
1744712510883 0.6827778816223145 7
1744712510897 0.6808896064758301 8
1744712510909 0.6788707375526428 9
1744712510921 0.6770883202552795 10
1744712510935 0.6751549243927002 11
1744712510947 0.6739946603775024 12
1744712510959 0.6722251176834106 13
1744712510972 0.6710559725761414 14
1744712510985 0.6694963574409485 15
1744712510997 0.6673071384429932 16
1744712511009 0.6662412285804749 17
1744712511021 0.6647945642471313 18
1744712511033 0.663644552230835 19
