1744712510785 0.5076141953468323 0
1744712510799 0.5532994866371155 1
1744712510813 0.5685279369354248 2
1744712510826 0.5736040472984314 3
1744712510839 0.5736040472984314 4
1744712510853 0.5736040472984314 5
1744712510865 0.5736040472984314 6
1744712510877 0.5736040472984314 7
1744712510889 0.5685279369354248 8
1744712510903 0.5583756566047668 9
1744712510915 0.5532994866371155 10
1744712510929 0.5634517669677734 11
1744712510941 0.5685279369354248 12
1744712510953 0.5888324975967407 13
1744712510966 0.5888324975967407 14
1744712510979 0.5939086079597473 15
1744712510991 0.5939086079597473 16
1744712511003 0.5888324975967407 17
1744712511015 0.6040608882904053 18
1744712511027 0.6091370582580566 19
