1744712072628 0.6922354102134705 0
1744712072638 0.6909223794937134 1
1744712072647 0.6894913911819458 2
1744712072656 0.688901960849762 3
1744712072665 0.6882638931274414 4
1744712072676 0.6869814395904541 5
1744712072695 0.6855010390281677 6
1744712072704 0.6851801872253418 7
1744712072713 0.6828746795654297 8
1744712072723 0.6827786564826965 9
1744712072732 0.681925356388092 10
1744712072740 0.6816636919975281 11
1744712072749 0.67844557762146 12
1744712072758 0.6775972843170166 13
1744712072766 0.6761223077774048 14
1744712072774 0.6766077876091003 15
1744712072783 0.6721747517585754 16
1744712072791 0.6735720038414001 17
1744712072799 0.6744571328163147 18
1744712072807 0.6733887791633606 19
1744712072815 0.6719666123390198 20
1744712072824 0.6710224151611328 21
