1744712072622 0.5431472063064575 0
1744712072633 0.5786802172660828 1
1744712072642 0.5888324975967407 2
1744712072652 0.5634517669677734 3
1744712072661 0.5532994866371155 4
1744712072671 0.5786802172660828 5
1744712072690 0.5837563276290894 6
1744712072700 0.5837563276290894 7
1744712072709 0.5888324975967407 8
1744712072719 0.6040608882904053 9
1744712072727 0.5888324975967407 10
1744712072736 0.5939086079597473 11
1744712072745 0.5837563276290894 12
1744712072753 0.5685279369354248 13
1744712072762 0.5786802172660828 14
1744712072770 0.5888324975967407 15
1744712072778 0.5888324975967407 16
1744712072787 0.5888324975967407 17
1744712072795 0.5888324975967407 18
1744712072803 0.5837563276290894 19
1744712072811 0.5786802172660828 20
1744712072819 0.5888324975967407 21
