1743763167177 0.6804114580154419 0
1743763167190 0.6797874569892883 1
1743763167206 0.7079291939735413 2
1743763167222 0.6926246285438538 3
1743763167239 0.6928115487098694 4
1743763167251 0.7155906558036804 5
1743763167261 0.6990162134170532 6
1743763167275 0.7028003931045532 7
1743763167286 0.7042175531387329 8
1743763167296 0.7210460901260376 9
1743763167307 0.7217760682106018 10
1743763167318 0.6978597044944763 11
1743763167329 0.6876063942909241 12
1743763167340 0.7005869150161743 13
1743763167351 0.6797642707824707 14
1743763167360 0.6913199424743652 15
1743763167374 0.6968960165977478 16
1743763167386 0.7186815142631531 17
1743763167398 0.6865043640136719 18
1743763167409 0.6921968460083008 19
