1744886318077 0.692805290222168 0
1744886318087 0.6927807927131653 1
1744886318097 0.6935636401176453 2
1744886318106 0.6940574049949646 3
1744886318115 0.6928300857543945 4
1744886318124 0.6927590370178223 5
1744886318133 0.6918383240699768 6
1744886318141 0.6923309564590454 7
1744886318150 0.692297637462616 8
1744886318160 0.6923733353614807 9
1744886318170 0.6919456720352173 10
1744886318179 0.6909428238868713 11
1744886318187 0.6920028328895569 12
1744886318197 0.6910303235054016 13
1744886318205 0.692280113697052 14
1744886318213 0.6915597915649414 15
1744886318222 0.6913065314292908 16
1744886318230 0.690425455570221 17
1744886318239 0.6897785663604736 18
1744886318248 0.6904795169830322 19
1744886318257 0.6904096603393555 20
1744886318265 0.6904335021972656 21
1744886318275 0.6902430057525635 22
1744886318284 0.6895658373832703 23
1744886318292 0.6898123025894165 24
1744886318301 0.6902189254760742 25
1744886318309 0.689899742603302 26
1744886318317 0.6893461346626282 27
1744886318324 0.6889481544494629 28
