1744886318071 0.5612244606018066 0
1744886318082 0.4948979616165161 1
1744886318092 0.48469388484954834 2
1744886318101 0.44897958636283875 3
1744886318110 0.5153061151504517 4
1744886318120 0.5306122303009033 5
1744886318128 0.5510203838348389 6
1744886318137 0.5561224222183228 7
1744886318146 0.5714285969734192 8
1744886318154 0.5357142686843872 9
1744886318165 0.581632673740387 10
1744886318175 0.5765306353569031 11
1744886318183 0.5510203838348389 12
1744886318192 0.581632673740387 13
1744886318201 0.5561224222183228 14
1744886318209 0.5714285969734192 15
1744886318218 0.5510203838348389 16
1744886318226 0.6071428656578064 17
1744886318234 0.6377550959587097 18
1744886318243 0.5918367505073547 19
1744886318252 0.5969387888908386 20
1744886318260 0.5867347121238708 21
1744886318270 0.5918367505073547 22
1744886318279 0.5969387888908386 23
1744886318288 0.5867347121238708 24
1744886318296 0.5867347121238708 25
1744886318305 0.6020408272743225 26
1744886318313 0.5918367505073547 27
1744886318321 0.6020408272743225 28
