1744882237654 0.6926928758621216 0
1744882237667 0.6888061165809631 1
1744882237680 0.6858747601509094 2
1744882237692 0.6813015937805176 3
1744882237705 0.6802055239677429 4
1744882237718 0.6762861013412476 5
1744882237731 0.6678674221038818 6
1744882237748 0.6637868881225586 7
1744882237762 0.6602193713188171 8
1744882237775 0.6619328260421753 9
1744882237789 0.6596121788024902 10
1744882237808 0.6625469923019409 11
1744882237822 0.6527092456817627 12
1744882237836 0.6606452465057373 13
1744882237849 0.6514548063278198 14
1744882237862 0.646817684173584 15
1744882237874 0.6478013396263123 16
1744882237886 0.6503357887268066 17
1744882237898 0.6511275172233582 18
1744882237911 0.6445415616035461 19
1744882237924 0.6400793790817261 20
1744882237936 0.6382439136505127 21
1744882237949 0.6401663422584534 22
1744882237962 0.6402464509010315 23
1744882237976 0.6354718208312988 24
1744882238000 0.6511756181716919 25
1744882238012 0.6431743502616882 26
1744882238029 0.6426068544387817 27
1744882238042 0.6554656624794006 28
1744882238056 0.6455960869789124 29
