1744882237648 0.5380710363388062 0
1744882237660 0.5736040472984314 1
1744882237673 0.5685279369354248 2
1744882237686 0.5736040472984314 3
1744882237698 0.5634517669677734 4
1744882237712 0.5837563276290894 5
1744882237725 0.5786802172660828 6
1744882237741 0.6142131686210632 7
1744882237755 0.6294416189193726 8
1744882237768 0.6142131686210632 9
1744882237782 0.6294416189193726 10
1744882237795 0.6395938992500305 11
1744882237815 0.6192893385887146 12
1744882237828 0.624365508556366 13
1744882237842 0.6345177888870239 14
1744882237855 0.6192893385887146 15
1744882237868 0.6294416189193726 16
1744882237880 0.6091370582580566 17
1744882237892 0.6142131686210632 18
1744882237905 0.6192893385887146 19
1744882237918 0.624365508556366 20
1744882237930 0.624365508556366 21
1744882237942 0.6446700692176819 22
1744882237956 0.6497461795806885 23
1744882237969 0.6446700692176819 24
1744882237982 0.6497461795806885 25
1744882238006 0.6497461795806885 26
1744882238023 0.624365508556366 27
1744882238036 0.6091370582580566 28
1744882238049 0.6497461795806885 29
