1744279266535 0.48469388484954834 0
1744279266549 0.47959184646606445 1
1744279266563 0.5 2
1744279266576 0.4897959232330322 3
1744279266589 0.5153061151504517 4
1744279266604 0.5204081535339355 5
1744279266618 0.5510203838348389 6
1744279266629 0.5561224222183228 7
1744279266641 0.5765306353569031 8
1744279266652 0.5765306353569031 9
1744279266663 0.6173469424247742 10
1744279266675 0.6122449040412903 11
1744279266686 0.6224489808082581 12
1744279266697 0.6122449040412903 13
1744279266708 0.6071428656578064 14
1744279266719 0.6020408272743225 15
1744279266730 0.5969387888908386 16
1744279266741 0.5918367505073547 17
1744279266754 0.581632673740387 18
1744279266765 0.5918367505073547 19
1744279266776 0.5765306353569031 20
1744279266788 0.5714285969734192 21
1744279266800 0.5765306353569031 22
1744279266813 0.5765306353569031 23
1744279266826 0.581632673740387 24
