1744279266542 0.710414707660675 0
1744279266556 0.7057223320007324 1
1744279266570 0.7016482949256897 2
1744279266582 0.6978925466537476 3
1744279266595 0.6953682899475098 4
1744279266611 0.6928126215934753 5
1744279266623 0.6905791759490967 6
1744279266634 0.688368022441864 7
1744279266646 0.6858574748039246 8
1744279266658 0.6844860911369324 9
1744279266669 0.6830024719238281 10
1744279266680 0.6818048357963562 11
1744279266691 0.6807693243026733 12
1744279266702 0.6799005270004272 13
1744279266714 0.679188072681427 14
1744279266724 0.6781191229820251 15
1744279266735 0.6770807504653931 16
1744279266749 0.6764717698097229 17
1744279266760 0.6759343147277832 18
1744279266770 0.6752868890762329 19
1744279266782 0.6746216416358948 20
1744279266794 0.6739102005958557 21
1744279266806 0.6732030510902405 22
1744279266819 0.6729042530059814 23
1744279266831 0.6722462177276611 24
