1744367986606 0.6926248669624329 0
1744367986615 0.691403865814209 1
1744367986623 0.6904224753379822 2
1744367986634 0.6894317269325256 3
1744367986642 0.6884840130805969 4
1744367986651 0.6875975131988525 5
1744367986659 0.6867150068283081 6
1744367986667 0.6856626868247986 7
1744367986675 0.6847290396690369 8
1744367986683 0.6836293935775757 9
1744367986692 0.6826316714286804 10
1744367986700 0.6814799904823303 11
1744367986708 0.6807106733322144 12
1744367986716 0.6794784665107727 13
1744367986724 0.6788382530212402 14
1744367986732 0.6779718399047852 15
