1744367994300 0.5685279369354248 0
1744367994312 0.5685279369354248 1
1744367994323 0.5989847779273987 2
1744367994335 0.5939086079597473 3
1744367994351 0.5786802172660828 4
1744367994362 0.5837563276290894 5
1744367994372 0.5736040472984314 6
1744367994384 0.5736040472984314 7
1744367994394 0.5786802172660828 8
1744367994403 0.5736040472984314 9
1744367994413 0.5685279369354248 10
1744367994423 0.5685279369354248 11
1744367994431 0.5685279369354248 12
1744367994440 0.5685279369354248 13
1744367994449 0.5685279369354248 14
1744367994458 0.5685279369354248 15
1744367994467 0.5685279369354248 16
1744367994476 0.5685279369354248 17
