1744367994306 0.6927611827850342 0
1744367994317 0.6925512552261353 1
1744367994329 0.6923227310180664 2
1744367994347 0.692129909992218 3
1744367994356 0.691907525062561 4
1744367994368 0.6917369961738586 5
1744367994380 0.691489577293396 6
1744367994389 0.6913539171218872 7
1744367994398 0.6911181807518005 8
1744367994408 0.6909914016723633 9
1744367994418 0.690795361995697 10
1744367994427 0.6906059980392456 11
1744367994435 0.6904354095458984 12
1744367994444 0.6902473568916321 13
1744367994453 0.6901358962059021 14
1744367994462 0.6899241209030151 15
1744367994472 0.689762532711029 16
1744367994480 0.6895729303359985 17
