1744881875538 0.6936513185501099 0
1744881875551 0.6916361451148987 1
1744881875564 0.6907918453216553 2
1744881875579 0.6904869079589844 3
1744881875593 0.6888059973716736 4
1744881875606 0.6881968975067139 5
1744881875618 0.6875299215316772 6
1744881875631 0.6861869096755981 7
1744881875645 0.6856173872947693 8
1744881875662 0.6849732398986816 9
1744881875675 0.6827141642570496 10
1744881875688 0.683085024356842 11
1744881875701 0.6775038838386536 12
1744881875714 0.6769764423370361 13
1744881875726 0.6758739352226257 14
1744881875739 0.673524022102356 15
1744881875751 0.6686009168624878 16
1744881875764 0.6666722297668457 17
1744881875776 0.6647055149078369 18
1744881875789 0.6592360734939575 19
