1744881875531 0.46700507402420044 0
1744881875544 0.5685279369354248 1
1744881875557 0.5634517669677734 2
1744881875570 0.5583756566047668 3
1744881875586 0.5685279369354248 4
1744881875599 0.5685279369354248 5
1744881875612 0.5736040472984314 6
1744881875625 0.5685279369354248 7
1744881875638 0.5736040472984314 8
1744881875651 0.5685279369354248 9
1744881875668 0.5786802172660828 10
1744881875681 0.5685279369354248 11
1744881875695 0.5786802172660828 12
1744881875708 0.5888324975967407 13
1744881875720 0.5888324975967407 14
1744881875733 0.6091370582580566 15
1744881875745 0.6040608882904053 16
1744881875758 0.6345177888870239 17
1744881875770 0.6395938992500305 18
1744881875783 0.624365508556366 19
