1744882439651 0.6929201483726501 0
1744882439682 0.689330518245697 1
1744882439704 0.6861840486526489 2
1744882439731 0.6839697360992432 3
1744882439758 0.6810755133628845 4
1744882439779 0.6771048903465271 5
1744882439799 0.673130452632904 6
1744882439819 0.6695522665977478 7
1744882439845 0.6666334867477417 8
1744882439865 0.6651321649551392 9
1744882439885 0.6622894406318665 10
1744882439903 0.6596237421035767 11
1744882439919 0.659847617149353 12
1744882439936 0.6555222868919373 13
1744882439975 0.6519953012466431 14
1744882439991 0.6521252393722534 15
1744882440009 0.6468063592910767 16
1744882440026 0.6440302729606628 17
1744882440040 0.6418954730033875 18
1744882440053 0.6407613754272461 19
1744882440066 0.6421058177947998 20
1744882440079 0.6420178413391113 21
