1744886426870 0.545918345451355 0
1744886426880 0.5765306353569031 1
1744886426889 0.6071428656578064 2
1744886426902 0.6020408272743225 3
1744886426913 0.5867347121238708 4
1744886426923 0.5918367505073547 5
1744886426935 0.6071428656578064 6
1744886426949 0.6275510191917419 7
1744886426960 0.6122449040412903 8
1744886426973 0.6173469424247742 9
1744886426984 0.6275510191917419 10
1744886426993 0.6122449040412903 11
1744886427004 0.6224489808082581 12
1744886427015 0.6173469424247742 13
1744886427024 0.6122449040412903 14
1744886427035 0.6071428656578064 15
1744886427046 0.6173469424247742 16
1744886427055 0.6122449040412903 17
1744886427067 0.6020408272743225 18
1744886427076 0.6071428656578064 19
