1744886426875 0.6916630268096924 0
1744886426885 0.6866066455841064 1
1744886426896 0.682811439037323 2
1744886426906 0.680194079875946 3
1744886426918 0.676609992980957 4
1744886426929 0.673173725605011 5
1744886426939 0.6667882800102234 6
1744886426954 0.6642757058143616 7
1744886426969 0.6615827679634094 8
1744886426979 0.6601859927177429 9
1744886426989 0.6586400270462036 10
1744886427000 0.6583166122436523 11
1744886427009 0.6555941700935364 12
1744886427019 0.6542498469352722 13
1744886427030 0.6542048454284668 14
1744886427040 0.6494745016098022 15
1744886427051 0.650083065032959 16
1744886427061 0.6501172780990601 17
1744886427071 0.6517512798309326 18
1744886427082 0.6514630913734436 19
