1744279791008 0.7302923202514648 0
1744279791021 0.7207494378089905 1
1744279791033 0.7131625413894653 2
1744279791046 0.7067834734916687 3
1744279791058 0.7015877366065979 4
1744279791069 0.6968015432357788 5
1744279791080 0.6933179497718811 6
1744279791091 0.6900821328163147 7
1744279791104 0.6874468922615051 8
1744279791115 0.6853417158126831 9
1744279791127 0.6838511228561401 10
1744279791138 0.6815961003303528 11
1744279791150 0.6798701882362366 12
1744279791161 0.6786749958992004 13
1744279791172 0.6779999732971191 14
1744279791183 0.6772305965423584 15
1744279791194 0.6759760975837708 16
1744279791206 0.6742883920669556 17
1744279791217 0.6734670400619507 18
