1744279791001 0.47959184646606445 0
1744279791015 0.4693877696990967 1
1744279791027 0.4642857015132904 2
1744279791039 0.47959184646606445 3
1744279791052 0.5102040767669678 4
1744279791064 0.5408163070678711 5
1744279791075 0.5663265585899353 6
1744279791085 0.5561224222183228 7
1744279791098 0.5867347121238708 8
1744279791109 0.5918367505073547 9
1744279791121 0.5765306353569031 10
1744279791132 0.5612244606018066 11
1744279791144 0.5510203838348389 12
1744279791155 0.5561224222183228 13
1744279791166 0.5663265585899353 14
1744279791177 0.545918345451355 15
1744279791189 0.5612244606018066 16
1744279791200 0.5612244606018066 17
1744279791212 0.5510203838348389 18
