1744368053490 0.5228426456451416 0
1744368053502 0.5685279369354248 1
1744368053511 0.5786802172660828 2
1744368053521 0.5837563276290894 3
1744368053530 0.5888324975967407 4
1744368053540 0.5837563276290894 5
1744368053550 0.5786802172660828 6
1744368053560 0.5837563276290894 7
1744368053569 0.5786802172660828 8
1744368053579 0.5736040472984314 9
1744368053589 0.5888324975967407 10
1744368053598 0.5786802172660828 11
1744368053608 0.5939086079597473 12
1744368053617 0.5939086079597473 13
1744368053626 0.5989847779273987 14
