1744368053496 0.6931504607200623 0
1744368053507 0.6897565126419067 1
1744368053515 0.6880179643630981 2
1744368053526 0.6855733394622803 3
1744368053535 0.682647705078125 4
1744368053545 0.6804565787315369 5
1744368053555 0.6771931052207947 6
1744368053565 0.6748430132865906 7
1744368053574 0.6730479001998901 8
1744368053584 0.6709780097007751 9
1744368053594 0.6709826588630676 10
1744368053603 0.669371485710144 11
1744368053612 0.6669748425483704 12
1744368053621 0.6661826372146606 13
1744368053631 0.6655040383338928 14
