1744279667058 0.41326531767845154 0
1744279667083 0.41326531767845154 1
1744279667106 0.4336734712123871 2
1744279667118 0.47448980808258057 3
1744279667130 0.4897959232330322 4
1744279667141 0.5051020383834839 5
1744279667153 0.5102040767669678 6
1744279667165 0.5153061151504517 7
1744279667178 0.5306122303009033 8
1744279667193 0.5357142686843872 9
1744279667206 0.545918345451355 10
1744279667219 0.5714285969734192 11
1744279667233 0.5714285969734192 12
1744279667245 0.5714285969734192 13
1744279667258 0.5765306353569031 14
1744279667272 0.5969387888908386 15
1744279667285 0.5918367505073547 16
1744279667298 0.5867347121238708 17
1744279667311 0.5918367505073547 18
1744279667323 0.5867347121238708 19
1744279667338 0.5867347121238708 20
1744279667350 0.5918367505073547 21
1744279667364 0.5867347121238708 22
1744279667377 0.5867347121238708 23
1744279667388 0.5918367505073547 24
