1744279667065 0.7021315693855286 0
1744279667091 0.6997296214103699 1
1744279667113 0.6977534890174866 2
1744279667124 0.6960492730140686 3
1744279667136 0.6946200728416443 4
1744279667147 0.6931045055389404 5
1744279667158 0.6920930743217468 6
1744279667172 0.690605640411377 7
1744279667187 0.689450740814209 8
1744279667200 0.6884585022926331 9
1744279667213 0.6876086592674255 10
1744279667227 0.6869571208953857 11
1744279667239 0.6858598589897156 12
1744279667251 0.6851723194122314 13
1744279667266 0.6846189498901367 14
1744279667279 0.6839492917060852 15
1744279667291 0.6836457252502441 16
1744279667305 0.6827152967453003 17
1744279667317 0.6823545098304749 18
1744279667331 0.6815401315689087 19
1744279667344 0.6812011003494263 20
1744279667356 0.6807590126991272 21
1744279667371 0.6802792549133301 22
1744279667382 0.679955244064331 23
1744279667394 0.6794759035110474 24
