1744282372944 0.7062773704528809 0
1744282372954 0.7034749984741211 1
1744282372963 0.6983174085617065 2
1744282372972 0.6954614520072937 3
1744282372983 0.6875025629997253 4
1744282372992 0.694212019443512 5
1744282373002 0.6965147256851196 6
1744282373011 0.6915943622589111 7
1744282373020 0.6981980204582214 8
1744282373030 0.6886938214302063 9
1744282373040 0.6883850693702698 10
1744282373050 0.6807403564453125 11
1744282373059 0.6759352684020996 12
1744282373068 0.6882705092430115 13
1744282373078 0.6844991445541382 14
1744282373087 0.6929707527160645 15
1744282373096 0.6851933598518372 16
1744282373106 0.684940755367279 17
1744282373115 0.6879477500915527 18
1744282373125 0.6799395084381104 19
1744282373135 0.681919276714325 20
1744282373145 0.6816130876541138 21
