1744282372939 0.4897959232330322 0
1744282372949 0.4642857015132904 1
1744282372958 0.48469388484954834 2
1744282372968 0.5153061151504517 3
1744282372978 0.5357142686843872 4
1744282372988 0.545918345451355 5
1744282372997 0.5 6
1744282373006 0.5306122303009033 7
1744282373015 0.5612244606018066 8
1744282373025 0.5408163070678711 9
1744282373035 0.5765306353569031 10
1744282373045 0.5510203838348389 11
1744282373054 0.5714285969734192 12
1744282373063 0.5204081535339355 13
1744282373073 0.5714285969734192 14
1744282373082 0.5204081535339355 15
1744282373091 0.5357142686843872 16
1744282373101 0.5765306353569031 17
1744282373111 0.5408163070678711 18
1744282373120 0.581632673740387 19
1744282373130 0.5714285969734192 20
1744282373140 0.5765306353569031 21
