1744881654676 0.5532994866371155 0
1744881654690 0.5532994866371155 1
1744881654702 0.5685279369354248 2
1744881654714 0.5634517669677734 3
1744881654726 0.5837563276290894 4
1744881654738 0.5532994866371155 5
1744881654750 0.5736040472984314 6
1744881654762 0.5685279369354248 7
1744881654778 0.5583756566047668 8
1744881654790 0.5685279369354248 9
1744881654802 0.5786802172660828 10
1744881654814 0.5583756566047668 11
1744881654826 0.5685279369354248 12
1744881654838 0.5634517669677734 13
1744881654850 0.5685279369354248 14
1744881654862 0.5685279369354248 15
1744881654874 0.5583756566047668 16
1744881654886 0.5685279369354248 17
1744881654898 0.5634517669677734 18
1744881654910 0.5685279369354248 19
1744881654922 0.5685279369354248 20
1744881654933 0.5634517669677734 21
1744881654945 0.5685279369354248 22
