1744881654682 0.6930232048034668 0
1744881654696 0.6930059194564819 1
1744881654708 0.6927600502967834 2
1744881654720 0.6926091313362122 3
1744881654732 0.6923196315765381 4
1744881654744 0.6923553347587585 5
1744881654756 0.6918290853500366 6
1744881654771 0.6918143033981323 7
1744881654784 0.6914533972740173 8
1744881654796 0.6910004019737244 9
1744881654808 0.6907860040664673 10
1744881654820 0.6907595992088318 11
1744881654832 0.6904280781745911 12
1744881654844 0.6907105445861816 13
1744881654856 0.6904799342155457 14
1744881654868 0.6901842355728149 15
1744881654880 0.6897717118263245 16
1744881654892 0.6890672445297241 17
1744881654904 0.6889089345932007 18
1744881654916 0.688865602016449 19
1744881654928 0.6888982057571411 20
1744881654939 0.6890690922737122 21
1744881654951 0.6886578798294067 22
