1744279805921 0.7331387400627136 0
1744279805935 0.730654239654541 1
1744279805950 0.7108982801437378 2
1744279805966 0.6949489116668701 3
1744279805980 0.689558744430542 4
1744279805993 0.6838110089302063 5
1744279806008 0.701496422290802 6
1744279806028 0.6831452250480652 7
1744279806049 0.6797424554824829 8
1744279806069 0.6847144961357117 9
1744279806090 0.6905191540718079 10
1744279806109 0.6909939646720886 11
1744279806131 0.6667817831039429 12
1744279806148 0.6937620043754578 13
1744279806167 0.6847984194755554 14
