1744279805913 0.4693877696990967 0
1744279805928 0.4897959232330322 1
1744279805943 0.5357142686843872 2
1744279805960 0.5612244606018066 3
1744279805974 0.5918367505073547 4
1744279805987 0.6071428656578064 5
1744279805999 0.4948979616165161 6
1744279806017 0.5867347121238708 7
1744279806038 0.6071428656578064 8
1744279806061 0.5612244606018066 9
1744279806080 0.5306122303009033 10
1744279806098 0.5510203838348389 11
1744279806121 0.6020408272743225 12
1744279806140 0.5153061151504517 13
1744279806158 0.5510203838348389 14
