1744882186433 0.5532994866371155 0
1744882186448 0.5736040472984314 1
1744882186467 0.5736040472984314 2
1744882186484 0.5736040472984314 3
1744882186501 0.5786802172660828 4
1744882186516 0.5786802172660828 5
1744882186531 0.5736040472984314 6
1744882186546 0.5634517669677734 7
1744882186561 0.5837563276290894 8
1744882186576 0.5989847779273987 9
1744882186596 0.6040608882904053 10
1744882186613 0.6040608882904053 11
1744882186630 0.6142131686210632 12
1744882186650 0.6192893385887146 13
1744882186671 0.624365508556366 14
1744882186694 0.6395938992500305 15
1744882186711 0.6395938992500305 16
1744882186727 0.6497461795806885 17
1744882186742 0.624365508556366 18
