1744882186440 0.6925778985023499 0
1744882186458 0.689903974533081 1
1744882186475 0.6878649592399597 2
1744882186492 0.685183584690094 3
1744882186509 0.6822564601898193 4
1744882186523 0.6795318126678467 5
1744882186538 0.6768651604652405 6
1744882186553 0.6741291880607605 7
1744882186568 0.6719398498535156 8
1744882186583 0.6685277223587036 9
1744882186605 0.6659083366394043 10
1744882186621 0.6635058522224426 11
1744882186640 0.6606587767601013 12
1744882186660 0.6589040160179138 13
1744882186686 0.6568611860275269 14
1744882186703 0.6547849178314209 15
1744882186720 0.6529197096824646 16
1744882186735 0.6503574848175049 17
1744882186750 0.6510966420173645 18
