1744881628113 0.693322479724884 0
1744881628128 0.6928932666778564 1
1744881628141 0.6926246881484985 2
1744881628155 0.6924139261245728 3
1744881628169 0.6921305656433105 4
1744881628183 0.6919850707054138 5
1744881628197 0.6917418837547302 6
1744881628211 0.6915627121925354 7
1744881628226 0.6913830637931824 8
1744881628240 0.6911450624465942 9
1744881628254 0.6909173727035522 10
1744881628268 0.6906771659851074 11
1744881628282 0.6904436945915222 12
1744881628296 0.6902192234992981 13
1744881628310 0.6899415850639343 14
1744881628323 0.6896982192993164 15
1744881628337 0.6894204616546631 16
1744881628352 0.6891971826553345 17
1744881628365 0.688952624797821 18
1744881628377 0.6887697577476501 19
1744881628391 0.6884163022041321 20
