1743762678247 0.7016080021858215 0
1743762678262 0.6767318248748779 1
1743762678274 0.662680447101593 2
1743762678289 0.6942195296287537 3
1743762678301 0.6759885549545288 4
1743762678316 0.643858015537262 5
1743762678331 0.686535120010376 6
1743762678344 0.6635802984237671 7
1743762678356 0.6451348662376404 8
1743762678368 0.635076105594635 9
1743762678380 0.6241839528083801 10
1743762678431 0.6229583621025085 11
1743762678449 0.6323319673538208 12
1743762678462 0.6269183158874512 13
1743762678475 0.6192347407341003 14
1743762678490 0.6480352282524109 15
1743762678510 0.5732099413871765 16
