1743762678241 0.5652173757553101 0
1743762678255 0.6086956262588501 1
1743762678268 0.6521739363670349 2
1743762678282 0.5652173757553101 3
1743762678294 0.52173912525177 4
1743762678308 0.6086956262588501 5
1743762678323 0.6521739363670349 6
1743762678337 0.6086956262588501 7
1743762678350 0.52173912525177 8
1743762678362 0.695652186870575 9
1743762678373 0.5652173757553101 10
1743762678411 0.6086956262588501 11
1743762678440 0.739130437374115 12
1743762678455 0.6521739363670349 13
1743762678468 0.6521739363670349 14
1743762678483 0.5652173757553101 15
1743762678500 0.782608687877655 16
