1744279440614 0.7574297189712524 0
1744279440626 0.7593379616737366 1
1744279440638 0.7486100196838379 2
1744279440649 0.7632681131362915 3
1744279440659 0.7587496638298035 4
1744279440670 0.7422335147857666 5
1744279440680 0.7500005960464478 6
1744279440691 0.7531517148017883 7
1744279440701 0.7428994178771973 8
1744279440711 0.7529708743095398 9
1744279440722 0.7424169182777405 10
1744279440732 0.7334128618240356 11
1744279440743 0.7444676160812378 12
1744279440753 0.7479710578918457 13
1744279440763 0.7413865923881531 14
1744279440774 0.7376998066902161 15
1744279440785 0.7329598069190979 16
1744279440795 0.7403997182846069 17
1744279440806 0.7242515683174133 18
1744279440816 0.7188845276832581 19
1744279440825 0.7245281934738159 20
1744279440836 0.7441838979721069 21
1744279440846 0.7345978617668152 22
1744279440856 0.7223696112632751 23
1744279440866 0.7274630665779114 24
1744279440875 0.7269415855407715 25
1744279440885 0.7329872250556946 26
1744279440896 0.7223377823829651 27
1744279440905 0.707524836063385 28
1744279440916 0.6977538466453552 29
