1744886900293 0.5408163070678711 0
1744886900305 0.5867347121238708 1
1744886900315 0.5969387888908386 2
1744886900325 0.5969387888908386 3
1744886900334 0.6020408272743225 4
1744886900344 0.5918367505073547 5
1744886900355 0.5969387888908386 6
1744886900373 0.581632673740387 7
1744886900384 0.581632673740387 8
1744886900399 0.581632673740387 9
1744886900414 0.5969387888908386 10
1744886900422 0.6020408272743225 11
1744886900431 0.6071428656578064 12
1744886900439 0.6122449040412903 13
1744886900451 0.6071428656578064 14
1744886900459 0.6020408272743225 15
1744886900468 0.6173469424247742 16
1744886900476 0.5918367505073547 17
1744886900484 0.5969387888908386 18
1744886900492 0.6020408272743225 19
