1744712861532 0.5482233762741089 0
1744712861545 0.5685279369354248 1
1744712861557 0.5837563276290894 2
1744712861568 0.5583756566047668 3
1744712861581 0.5786802172660828 4
1744712861594 0.5532994866371155 5
1744712861605 0.5837563276290894 6
1744712861617 0.5786802172660828 7
1744712861630 0.5583756566047668 8
1744712861643 0.5736040472984314 9
1744712861656 0.5685279369354248 10
1744712861671 0.5634517669677734 11
1744712861685 0.5888324975967407 12
1744712861698 0.6091370582580566 13
1744712861712 0.5685279369354248 14
1744712861725 0.5989847779273987 15
1744712861739 0.5888324975967407 16
1744712861752 0.5634517669677734 17
1744712861765 0.5989847779273987 18
1744712861779 0.5736040472984314 19
1744712861792 0.5685279369354248 20
1744712861804 0.6091370582580566 21
1744712861817 0.5685279369354248 22
1744712861831 0.5837563276290894 23
1744712861844 0.5989847779273987 24
