1744397356199 0.5837563276290894 0
1744397356215 0.6040608882904053 1
1744397356224 0.6345177888870239 2
1744397356233 0.6446700692176819 3
1744397356241 0.6294416189193726 4
1744397356250 0.624365508556366 5
1744397356265 0.6192893385887146 6
1744397356274 0.6192893385887146 7
1744397356283 0.5989847779273987 8
1744397356291 0.6040608882904053 9
1744397356299 0.5989847779273987 10
1744397356308 0.5989847779273987 11
1744397356323 0.5989847779273987 12
1744397356333 0.6040608882904053 13
1744397356342 0.6091370582580566 14
1744397356350 0.6091370582580566 15
1744397356359 0.6040608882904053 16
1744397356367 0.6040608882904053 17
