1744397356210 0.6926045417785645 0
1744397356219 0.6921808123588562 1
1744397356228 0.6917773485183716 2
1744397356237 0.6914181709289551 3
1744397356245 0.691022515296936 4
1744397356260 0.6906169056892395 5
1744397356269 0.6901888251304626 6
1744397356278 0.6898417472839355 7
1744397356287 0.6894630193710327 8
1744397356295 0.6890392303466797 9
1744397356304 0.6887672543525696 10
1744397356317 0.6883435845375061 11
1744397356328 0.6880462765693665 12
1744397356337 0.6876872777938843 13
1744397356346 0.6873422861099243 14
1744397356354 0.686944305896759 15
1744397356363 0.6865476965904236 16
1744397356372 0.6861242055892944 17
