1744712654335 0.5482233762741089 0
1744712654349 0.5583756566047668 1
1744712654362 0.4974619150161743 2
1744712654376 0.5431472063064575 3
1744712654388 0.5532994866371155 4
1744712654401 0.5888324975967407 5
1744712654412 0.5583756566047668 6
1744712654424 0.5431472063064575 7
1744712654436 0.5380710363388062 8
1744712654450 0.5634517669677734 9
1744712654465 0.5380710363388062 10
1744712654479 0.5329949259757996 11
1744712654492 0.5634517669677734 12
1744712654505 0.5837563276290894 13
1744712654518 0.5431472063064575 14
1744712654530 0.5482233762741089 15
1744712654543 0.5431472063064575 16
1744712654557 0.5634517669677734 17
1744712654570 0.5532994866371155 18
1744712654582 0.5532994866371155 19
1744712654595 0.5583756566047668 20
1744712654608 0.5583756566047668 21
1744712654622 0.5532994866371155 22
1744712654635 0.5634517669677734 23
1744712654649 0.5431472063064575 24
1744712654662 0.5736040472984314 25
1744712654675 0.5634517669677734 26
1744712654689 0.5685279369354248 27
1744712654702 0.5736040472984314 28
1744712654714 0.5583756566047668 29
