1744712654342 0.6925773024559021 0
1744712654356 0.6926254630088806 1
1744712654369 0.6924933195114136 2
1744712654382 0.6915155649185181 3
1744712654395 0.691520094871521 4
1744712654407 0.6920566558837891 5
1744712654418 0.6918829083442688 6
1744712654430 0.6910130977630615 7
1744712654444 0.6919149160385132 8
1744712654457 0.6904172897338867 9
1744712654472 0.6907567977905273 10
1744712654486 0.6914039254188538 11
1744712654499 0.6902757883071899 12
1744712654512 0.6892505884170532 13
1744712654524 0.6900078058242798 14
1744712654536 0.6901271939277649 15
1744712654550 0.6897956132888794 16
1744712654564 0.6890623569488525 17
1744712654576 0.6899306178092957 18
1744712654589 0.688910961151123 19
1744712654601 0.6894580721855164 20
1744712654615 0.6888371109962463 21
1744712654629 0.6884136199951172 22
1744712654642 0.6887406706809998 23
1744712654655 0.6882771253585815 24
1744712654669 0.6877731680870056 25
1744712654682 0.6880361437797546 26
1744712654695 0.6875351667404175 27
1744712654708 0.6867652535438538 28
1744712654721 0.6864088773727417 29
