1744881258929 0.6923903226852417 0
1744881258944 0.6906244158744812 1
1744881258965 0.6893100142478943 2
1744881258979 0.688097357749939 3
1744881258993 0.686791718006134 4
1744881259006 0.6851122975349426 5
1744881259020 0.6831820011138916 6
1744881259035 0.6816897988319397 7
1744881259048 0.679975152015686 8
1744881259061 0.6781730055809021 9
1744881259074 0.6772570013999939 10
1744881259087 0.6758458614349365 11
1744881259101 0.6749094724655151 12
1744881259120 0.673805832862854 13
1744881259133 0.6729236245155334 14
1744881259146 0.6720863580703735 15
1744881259159 0.6707069873809814 16
1744881259173 0.6697028279304504 17
1744881259186 0.6687477827072144 18
1744881259199 0.6679180264472961 19
1744881259213 0.6668075919151306 20
1744881259225 0.6665298342704773 21
1744881259238 0.665056586265564 22
