1744279405198 0.687547504901886 0
1744279405207 0.7218561768531799 1
1744279405217 0.6813555955886841 2
1744279405227 0.6934598088264465 3
1744279405236 0.6865196824073792 4
1744279405246 0.6851656436920166 5
1744279405256 0.6934695243835449 6
1744279405266 0.6878334283828735 7
1744279405276 0.6827855706214905 8
1744279405286 0.6949213147163391 9
1744279405297 0.6874956488609314 10
1744279405308 0.6914680600166321 11
1744279405318 0.6856564879417419 12
1744279405329 0.6883275508880615 13
1744279405339 0.6845818161964417 14
1744279405349 0.688133716583252 15
1744279405360 0.6835971474647522 16
1744279405370 0.6750341653823853 17
1744279405384 0.6844795942306519 18
1744279405395 0.6734514236450195 19
1744279405406 0.686659574508667 20
1744279405418 0.6764430403709412 21
1744279405430 0.6776400208473206 22
1744279405440 0.6790485978126526 23
1744279405452 0.6846237778663635 24
