1744279405193 0.5561224222183228 0
1744279405203 0.4642857015132904 1
1744279405212 0.5867347121238708 2
1744279405222 0.5663265585899353 3
1744279405231 0.5663265585899353 4
1744279405241 0.5408163070678711 5
1744279405251 0.5306122303009033 6
1744279405261 0.545918345451355 7
1744279405271 0.5612244606018066 8
1744279405281 0.5408163070678711 9
1744279405292 0.5714285969734192 10
1744279405302 0.5051020383834839 11
1744279405313 0.5714285969734192 12
1744279405323 0.545918345451355 13
1744279405333 0.5408163070678711 14
1744279405344 0.5408163070678711 15
1744279405354 0.5918367505073547 16
1744279405365 0.5561224222183228 17
1744279405379 0.5714285969734192 18
1744279405390 0.5918367505073547 19
1744279405401 0.5357142686843872 20
1744279405412 0.5612244606018066 21
1744279405424 0.5612244606018066 22
1744279405435 0.545918345451355 23
1744279405446 0.5510203838348389 24
