1744282424147 0.5153061151504517 0
1744282424157 0.5255101919174194 1
1744282424167 0.4897959232330322 2
1744282424176 0.5102040767669678 3
1744282424185 0.47959184646606445 4
1744282424194 0.5153061151504517 5
1744282424204 0.545918345451355 6
1744282424214 0.5714285969734192 7
1744282424223 0.5918367505073547 8
1744282424231 0.581632673740387 9
1744282424240 0.5255101919174194 10
1744282424250 0.5663265585899353 11
1744282424259 0.5612244606018066 12
1744282424268 0.5612244606018066 13
1744282424296 0.5765306353569031 14
1744282424311 0.545918345451355 15
1744282424322 0.5918367505073547 16
1744282424333 0.5357142686843872 17
1744282424342 0.5357142686843872 18
1744282424353 0.5102040767669678 19
1744282424362 0.5153061151504517 20
1744282424373 0.5612244606018066 21
1744282424388 0.5918367505073547 22
1744282424401 0.5663265585899353 23
1744282424418 0.5663265585899353 24
1744282424435 0.5561224222183228 25
1744282424457 0.5561224222183228 26
1744282424471 0.5765306353569031 27
1744282424489 0.581632673740387 28
1744282424502 0.545918345451355 29
