1744367969503 0.4822334945201874 0
1744367969511 0.5583756566047668 1
1744367969520 0.5634517669677734 2
1744367969527 0.5685279369354248 3
1744367969534 0.5532994866371155 4
1744367969542 0.5939086079597473 5
1744367969549 0.5532994866371155 6
1744367969558 0.5685279369354248 7
1744367969567 0.5989847779273987 8
1744367969575 0.5837563276290894 9
1744367969582 0.5532994866371155 10
1744367969591 0.5888324975967407 11
1744367969598 0.5888324975967407 12
1744367969605 0.5736040472984314 13
1744367969613 0.5786802172660828 14
1744367969620 0.5786802172660828 15
1744367969630 0.5431472063064575 16
1744367969638 0.5634517669677734 17
1744367969645 0.5939086079597473 18
1744367969653 0.5989847779273987 19
1744367969661 0.5736040472984314 20
1744367969668 0.5939086079597473 21
1744367969676 0.5685279369354248 22
1744367969683 0.5989847779273987 23
1744367969690 0.5939086079597473 24
1744367969698 0.5786802172660828 25
1744367969705 0.5837563276290894 26
1744367969712 0.5634517669677734 27
1744367969720 0.5939086079597473 28
1744367969727 0.5837563276290894 29
