1744367969508 0.6932930946350098 0
1744367969516 0.6928009390830994 1
1744367969523 0.6924141645431519 2
1744367969531 0.6923646926879883 3
1744367969538 0.6923417448997498 4
1744367969545 0.6919959187507629 5
1744367969553 0.6920955777168274 6
1744367969563 0.6915751695632935 7
1744367969571 0.6912837028503418 8
1744367969579 0.6912928819656372 9
1744367969587 0.6911574006080627 10
1744367969594 0.691343367099762 11
1744367969602 0.6903624534606934 12
1744367969609 0.6899651885032654 13
1744367969617 0.6898608803749084 14
1744367969626 0.6902822852134705 15
1744367969634 0.6896756291389465 16
1744367969642 0.6900107860565186 17
1744367969649 0.6893227696418762 18
1744367969657 0.6895402073860168 19
1744367969664 0.6889845728874207 20
1744367969672 0.6886560916900635 21
1744367969679 0.6885609030723572 22
1744367969686 0.6877837181091309 23
1744367969694 0.6877381205558777 24
1744367969701 0.6880069375038147 25
1744367969709 0.6876751184463501 26
1744367969716 0.6877171993255615 27
1744367969723 0.6867780089378357 28
1744367969731 0.6869308352470398 29
