1744881911152 0.5634517669677734 0
1744881911181 0.5634517669677734 1
1744881911207 0.5634517669677734 2
1744881911228 0.5634517669677734 3
1744881911246 0.5634517669677734 4
1744881911261 0.5634517669677734 5
1744881911275 0.5634517669677734 6
1744881911291 0.5634517669677734 7
1744881911304 0.5634517669677734 8
1744881911316 0.5634517669677734 9
1744881911328 0.5634517669677734 10
1744881911341 0.5634517669677734 11
1744881911355 0.5634517669677734 12
1744881911368 0.5634517669677734 13
1744881911382 0.5634517669677734 14
1744881911394 0.5634517669677734 15
1744881911407 0.5634517669677734 16
1744881911420 0.5634517669677734 17
1744881911433 0.5634517669677734 18
