1743763525328 0.6521739363670349 0
1743763525337 0.695652186870575 1
1743763525346 0.695652186870575 2
1743763525354 0.6521739363670349 3
1743763525364 0.6521739363670349 4
1743763525374 0.6086956262588501 5
1743763525383 0.6086956262588501 6
1743763525392 0.6086956262588501 7
1743763525400 0.6086956262588501 8
1743763525409 0.6086956262588501 9
1743763525418 0.6086956262588501 10
1743763525427 0.6086956262588501 11
1743763525435 0.6086956262588501 12
1743763525444 0.6086956262588501 13
1743763525452 0.6086956262588501 14
1743763525461 0.6086956262588501 15
1743763525470 0.6086956262588501 16
1743763525478 0.6086956262588501 17
