1744886887006 0.5051020383834839 0
1744886887017 0.5663265585899353 1
1744886887031 0.5306122303009033 2
1744886887041 0.5051020383834839 3
1744886887050 0.5663265585899353 4
1744886887058 0.545918345451355 5
1744886887075 0.545918345451355 6
1744886887084 0.6071428656578064 7
1744886887093 0.5408163070678711 8
1744886887102 0.5561224222183228 9
1744886887110 0.581632673740387 10
1744886887119 0.6122449040412903 11
1744886887128 0.5408163070678711 12
1744886887137 0.581632673740387 13
1744886887145 0.5357142686843872 14
1744886887154 0.5663265585899353 15
1744886887164 0.6020408272743225 16
1744886887172 0.6122449040412903 17
1744886887181 0.5918367505073547 18
1744886887190 0.5765306353569031 19
1744886887199 0.5867347121238708 20
1744886887207 0.5510203838348389 21
1744886887216 0.5765306353569031 22
1744886887229 0.5765306353569031 23
1744886887238 0.5612244606018066 24
1744886887247 0.5969387888908386 25
1744886887256 0.5765306353569031 26
1744886887264 0.581632673740387 27
1744886887272 0.5918367505073547 28
1744886887281 0.581632673740387 29
