1744886887011 0.6932507157325745 0
1744886887024 0.6920562982559204 1
1744886887037 0.6929486393928528 2
1744886887045 0.6929171681404114 3
1744886887054 0.6923357248306274 4
1744886887071 0.6922740340232849 5
1744886887080 0.6927399039268494 6
1744886887088 0.6912319660186768 7
1744886887098 0.6918972730636597 8
1744886887106 0.6921064257621765 9
1744886887115 0.6912539005279541 10
1744886887124 0.690751850605011 11
1744886887133 0.6916574835777283 12
1744886887141 0.6911059617996216 13
1744886887150 0.6909115314483643 14
1744886887159 0.6899027228355408 15
1744886887168 0.6897358894348145 16
1744886887177 0.6896933913230896 17
1744886887185 0.6899638175964355 18
1744886887195 0.6895732283592224 19
1744886887203 0.6894352436065674 20
1744886887212 0.6895753741264343 21
1744886887225 0.6894260048866272 22
1744886887233 0.6889739036560059 23
1744886887243 0.6893779039382935 24
1744886887251 0.6884960532188416 25
1744886887260 0.6892482042312622 26
1744886887268 0.6876729726791382 27
1744886887277 0.6877457499504089 28
1744886887286 0.6870551109313965 29
