1744712785851 0.6933058500289917 0
1744712785880 0.6933091878890991 1
1744712785896 0.6928626298904419 2
1744712785913 0.6927443146705627 3
1744712785936 0.692453920841217 4
1744712785949 0.6928402185440063 5
1744712785964 0.6927366852760315 6
1744712785978 0.6927198767662048 7
1744712785991 0.6922933459281921 8
1744712786004 0.692598819732666 9
1744712786018 0.6922549605369568 10
1744712786031 0.6919471025466919 11
1744712786050 0.6916959285736084 12
1744712786063 0.6918254494667053 13
1744712786077 0.6923315525054932 14
1744712786093 0.6922973990440369 15
1744712786108 0.6914944648742676 16
1744712786122 0.691589891910553 17
1744712786139 0.6916583776473999 18
1744712786152 0.6915971040725708 19
1744712786168 0.6918099522590637 20
1744712786181 0.6916559934616089 21
1744712786201 0.6915286183357239 22
1744712786221 0.6909672021865845 23
1744712786246 0.6909136176109314 24
