1744712785836 0.48730963468551636 0
1744712785861 0.4771573543548584 1
1744712785888 0.5786802172660828 2
1744712785904 0.5380710363388062 3
1744712785922 0.5888324975967407 4
1744712785943 0.5329949259757996 5
1744712785956 0.5685279369354248 6
1744712785971 0.5177664756774902 7
1744712785984 0.5736040472984314 8
1744712785998 0.5685279369354248 9
1744712786011 0.5736040472984314 10
1744712786025 0.5837563276290894 11
1744712786038 0.5888324975967407 12
1744712786057 0.5736040472984314 13
1744712786070 0.5736040472984314 14
1744712786085 0.5532994866371155 15
1744712786100 0.5786802172660828 16
1744712786115 0.5786802172660828 17
1744712786130 0.5786802172660828 18
1744712786146 0.5482233762741089 19
1744712786161 0.5939086079597473 20
1744712786174 0.5685279369354248 21
1744712786190 0.5736040472984314 22
1744712786213 0.5685279369354248 23
1744712786229 0.5736040472984314 24
