1744882385497 0.5532994866371155 0
1744882385518 0.5634517669677734 1
1744882385533 0.5634517669677734 2
1744882385547 0.5634517669677734 3
1744882385560 0.5634517669677734 4
1744882385572 0.5634517669677734 5
1744882385585 0.5634517669677734 6
1744882385598 0.5685279369354248 7
1744882385610 0.5634517669677734 8
1744882385623 0.5634517669677734 9
1744882385641 0.5634517669677734 10
1744882385656 0.5634517669677734 11
1744882385679 0.5685279369354248 12
1744882385696 0.5685279369354248 13
1744882385713 0.5736040472984314 14
1744882385737 0.5736040472984314 15
1744882385753 0.5786802172660828 16
1744882385770 0.5634517669677734 17
1744882385786 0.5736040472984314 18
1744882385799 0.5939086079597473 19
1744882385812 0.5939086079597473 20
1744882385825 0.6192893385887146 21
1744882385886 0.5888324975967407 22
1744882385910 0.6091370582580566 23
1744882385925 0.6294416189193726 24
1744882385941 0.6142131686210632 25
1744882385957 0.6345177888870239 26
1744882385973 0.6345177888870239 27
1744882385989 0.6294416189193726 28
1744882386006 0.6395938992500305 29
