1744882385506 0.6923706531524658 0
1744882385526 0.6910165548324585 1
1744882385540 0.6892558336257935 2
1744882385553 0.6870015859603882 3
1744882385566 0.6860132217407227 4
1744882385579 0.6858681440353394 5
1744882385591 0.6843724250793457 6
1744882385604 0.6834370493888855 7
1744882385617 0.6832571029663086 8
1744882385634 0.682604968547821 9
1744882385648 0.681397557258606 10
1744882385663 0.6805430054664612 11
1744882385688 0.6787081360816956 12
1744882385705 0.677422046661377 13
1744882385729 0.6762503981590271 14
1744882385745 0.6748015880584717 15
1744882385762 0.668420135974884 16
1744882385779 0.6737300157546997 17
1744882385793 0.6759777069091797 18
1744882385805 0.6663782596588135 19
1744882385818 0.6671608686447144 20
1744882385853 0.6702419519424438 21
1744882385902 0.6658222079277039 22
1744882385918 0.6607338190078735 23
1744882385933 0.6674806475639343 24
1744882385948 0.6665233373641968 25
1744882385965 0.6565595865249634 26
1744882385981 0.6558153033256531 27
1744882385998 0.6499457955360413 28
1744882386014 0.6537900567054749 29
