1744712776924 0.5431472063064575 0
1744712776950 0.5837563276290894 1
1744712776971 0.5329949259757996 2
1744712776990 0.5888324975967407 3
1744712777009 0.5786802172660828 4
1744712777025 0.5583756566047668 5
1744712777041 0.5888324975967407 6
1744712777055 0.5482233762741089 7
1744712777070 0.5736040472984314 8
1744712777087 0.5786802172660828 9
1744712777106 0.5532994866371155 10
1744712777122 0.5532994866371155 11
1744712777140 0.5583756566047668 12
1744712777164 0.5837563276290894 13
1744712777194 0.5786802172660828 14
1744712777213 0.5583756566047668 15
1744712777234 0.5583756566047668 16
1744712777258 0.5685279369354248 17
1744712777275 0.5583756566047668 18
1744712777302 0.5736040472984314 19
1744712777319 0.5634517669677734 20
1744712777336 0.5685279369354248 21
