1744712776936 0.6931255459785461 0
1744712776963 0.6916782259941101 1
1744712776982 0.691710352897644 2
1744712776997 0.6910660862922668 3
1744712777017 0.6909151673316956 4
1744712777032 0.6904511451721191 5
1744712777048 0.6884748339653015 6
1744712777063 0.688027024269104 7
1744712777080 0.6879299283027649 8
1744712777095 0.6875196695327759 9
1744712777114 0.6873103976249695 10
1744712777133 0.6859421133995056 11
1744712777150 0.6851905584335327 12
1744712777184 0.6836137175559998 13
1744712777204 0.6843986511230469 14
1744712777224 0.683830201625824 15
1744712777246 0.6830590963363647 16
1744712777267 0.6828178763389587 17
1744712777290 0.6814039349555969 18
1744712777310 0.6808047890663147 19
1744712777328 0.6809213757514954 20
1744712777345 0.6806784868240356 21
