1744882064985 0.6925725936889648 0
1744882065007 0.6918604373931885 1
1744882065025 0.6906653642654419 2
1744882065041 0.6884430050849915 3
1744882065055 0.6875373125076294 4
1744882065069 0.6861342191696167 5
1744882065084 0.6861127614974976 6
1744882065099 0.6867290139198303 7
1744882065116 0.6819944381713867 8
1744882065130 0.6820489168167114 9
1744882065144 0.6852461099624634 10
1744882065161 0.6807997822761536 11
1744882065179 0.6831427812576294 12
1744882065194 0.6835604310035706 13
1744882065208 0.6800456047058105 14
1744882065223 0.6730080246925354 15
1744882065238 0.6724486351013184 16
1744882065253 0.6718294024467468 17
1744882065267 0.6702479124069214 18
