1744882064977 0.5989847779273987 0
1744882064996 0.5837563276290894 1
1744882065016 0.5532994866371155 2
1744882065033 0.5685279369354248 3
1744882065048 0.5634517669677734 4
1744882065062 0.5736040472984314 5
1744882065076 0.5837563276290894 6
1744882065091 0.5685279369354248 7
1744882065106 0.5736040472984314 8
1744882065123 0.5685279369354248 9
1744882065137 0.5583756566047668 10
1744882065153 0.5736040472984314 11
1744882065168 0.5786802172660828 12
1744882065187 0.5532994866371155 13
1744882065201 0.5989847779273987 14
1744882065215 0.5837563276290894 15
1744882065231 0.5939086079597473 16
1744882065245 0.624365508556366 17
1744882065260 0.5989847779273987 18
