1744281887257 0.7093377113342285 0
1744281887280 0.6989293098449707 1
1744281887298 0.6973975300788879 2
1744281887309 0.6936308145523071 3
1744281887319 0.6933886408805847 4
1744281887329 0.6896235346794128 5
1744281887339 0.6891558170318604 6
1744281887349 0.7034993171691895 7
1744281887359 0.6937545537948608 8
1744281887372 0.6956234574317932 9
1744281887382 0.6767063736915588 10
1744281887391 0.6891180276870728 11
1744281887400 0.6864482164382935 12
1744281887410 0.6878069639205933 13
1744281887424 0.6648270487785339 14
1744281887433 0.685695230960846 15
1744281887442 0.690161943435669 16
1744281887452 0.6761308908462524 17
1744281887462 0.6872963309288025 18
