1744281887252 0.5561224222183228 0
1744281887271 0.4897959232330322 1
1744281887292 0.5102040767669678 2
1744281887303 0.545918345451355 3
1744281887314 0.5357142686843872 4
1744281887324 0.5612244606018066 5
1744281887334 0.5357142686843872 6
1744281887344 0.5 7
1744281887354 0.5510203838348389 8
1744281887363 0.545918345451355 9
1744281887377 0.5765306353569031 10
1744281887386 0.5969387888908386 11
1744281887396 0.5255101919174194 12
1744281887405 0.545918345451355 13
1744281887418 0.6122449040412903 14
1744281887428 0.5612244606018066 15
1744281887438 0.5510203838348389 16
1744281887447 0.5765306353569031 17
1744281887457 0.5918367505073547 18
