1744711621072 0.48730963468551636 0
1744711621082 0.48730963468551636 1
1744711621091 0.5076141953468323 2
1744711621099 0.5329949259757996 3
1744711621108 0.5888324975967407 4
1744711621117 0.5939086079597473 5
1744711621125 0.5888324975967407 6
1744711621133 0.5939086079597473 7
1744711621142 0.5888324975967407 8
1744711621150 0.5634517669677734 9
1744711621159 0.5583756566047668 10
1744711621167 0.5583756566047668 11
1744711621174 0.5583756566047668 12
1744711621185 0.5634517669677734 13
1744711621195 0.5634517669677734 14
1744711621203 0.5634517669677734 15
1744711621211 0.5634517669677734 16
1744711621220 0.5634517669677734 17
1744711621229 0.5634517669677734 18
1744711621238 0.5634517669677734 19
1744711621246 0.5685279369354248 20
1744711621254 0.5685279369354248 21
1744711621261 0.5736040472984314 22
1744711621271 0.5786802172660828 23
1744711621278 0.5837563276290894 24
1744711621286 0.5939086079597473 25
