1744711621077 0.6936895847320557 0
1744711621087 0.693356990814209 1
1744711621095 0.6930196285247803 2
1744711621104 0.6927472352981567 3
1744711621112 0.6924351453781128 4
1744711621121 0.6921445727348328 5
1744711621129 0.6918303966522217 6
1744711621137 0.6915459036827087 7
1744711621146 0.6912286281585693 8
1744711621155 0.690960168838501 9
1744711621163 0.6906079649925232 10
1744711621170 0.6903254389762878 11
1744711621179 0.6900507807731628 12
1744711621190 0.6897355318069458 13
1744711621199 0.6894668340682983 14
1744711621207 0.6891136169433594 15
1744711621216 0.6888058185577393 16
1744711621225 0.6885173916816711 17
1744711621234 0.6882675290107727 18
1744711621242 0.6879892945289612 19
1744711621250 0.6877166628837585 20
1744711621258 0.6874909400939941 21
1744711621266 0.6872294545173645 22
1744711621275 0.6869035959243774 23
1744711621282 0.6866074204444885 24
1744711621290 0.6863420605659485 25
