1744886967748 0.5612244606018066 0
1744886967757 0.5561224222183228 1
1744886967774 0.6071428656578064 2
1744886967784 0.6173469424247742 3
1744886967794 0.6224489808082581 4
1744886967804 0.6173469424247742 5
1744886967813 0.6224489808082581 6
1744886967822 0.5918367505073547 7
1744886967830 0.6173469424247742 8
1744886967838 0.6122449040412903 9
1744886967847 0.6173469424247742 10
1744886967855 0.6275510191917419 11
1744886967863 0.5918367505073547 12
1744886967872 0.6224489808082581 13
1744886967880 0.6224489808082581 14
1744886967889 0.6020408272743225 15
1744886967898 0.581632673740387 16
1744886967906 0.6122449040412903 17
1744886967914 0.6224489808082581 18
1744886967923 0.6020408272743225 19
1744886967931 0.6071428656578064 20
1744886967940 0.6071428656578064 21
1744886967948 0.6020408272743225 22
1744886967957 0.6020408272743225 23
1744886967966 0.6020408272743225 24
1744886967974 0.5918367505073547 25
1744886967983 0.6020408272743225 26
1744886967993 0.6122449040412903 27
1744886968001 0.5918367505073547 28
1744886968009 0.6122449040412903 29
