1744881706222 0.6930438280105591 0
1744881706238 0.6924049854278564 1
1744881706252 0.6918386220932007 2
1744881706267 0.6912105083465576 3
1744881706281 0.6905949115753174 4
1744881706295 0.6900582313537598 5
1744881706309 0.6894714832305908 6
1744881706325 0.6888864636421204 7
1744881706341 0.6884698867797852 8
1744881706355 0.6878178715705872 9
1744881706370 0.6869531869888306 10
1744881706384 0.6863724589347839 11
1744881706398 0.6855470538139343 12
1744881706413 0.6848333477973938 13
1744881706427 0.6840572953224182 14
1744881706441 0.6834282279014587 15
1744881706455 0.6825833916664124 16
1744881706469 0.6819008588790894 17
1744881706483 0.6811171770095825 18
