1744397483886 0.4771573543548584 0
1744397483904 0.4010152220726013 1
1744397483917 0.48730963468551636 2
1744397483932 0.46192893385887146 3
1744397483946 0.44162437319755554 4
1744397483963 0.4467005133628845 5
1744397483975 0.5126903653144836 6
1744397484035 0.5126903653144836 7
1744397484047 0.5431472063064575 8
1744397484058 0.49238577485084534 9
1744397484069 0.5126903653144836 10
1744397484079 0.5685279369354248 11
1744397484090 0.5228426456451416 12
1744397484101 0.5532994866371155 13
1744397484113 0.5786802172660828 14
1744397484130 0.5736040472984314 15
1744397484141 0.5380710363388062 16
1744397484152 0.5380710363388062 17
1744397484164 0.5482233762741089 18
1744397484176 0.5482233762741089 19
1744397484189 0.5786802172660828 20
1744397484200 0.5583756566047668 21
1744397484212 0.5583756566047668 22
1744397484222 0.5685279369354248 23
1744397484232 0.5583756566047668 24
1744397484241 0.5736040472984314 25
1744397484249 0.5634517669677734 26
1744397484259 0.5786802172660828 27
1744397484267 0.5736040472984314 28
1744397484276 0.5634517669677734 29
