1744397483898 0.6951829791069031 0
1744397483911 0.6941101551055908 1
1744397483924 0.6930220723152161 2
1744397483939 0.6940548419952393 3
1744397483953 0.6946095824241638 4
1744397483969 0.6938414573669434 5
1744397484020 0.6941525340080261 6
1744397484040 0.6937618851661682 7
1744397484052 0.6938352584838867 8
1744397484064 0.6939849257469177 9
1744397484074 0.6941646337509155 10
1744397484085 0.6932904124259949 11
1744397484096 0.6938463449478149 12
1744397484107 0.693183958530426 13
1744397484119 0.6928877234458923 14
1744397484135 0.6931789517402649 15
1744397484146 0.6932927370071411 16
1744397484158 0.6929947137832642 17
1744397484170 0.6923316717147827 18
1744397484182 0.6930490732192993 19
1744397484194 0.6928458213806152 20
1744397484206 0.693315863609314 21
1744397484217 0.6931431293487549 22
1744397484227 0.6930124759674072 23
1744397484236 0.692775309085846 24
1744397484245 0.692473828792572 25
1744397484254 0.6932122707366943 26
1744397484263 0.6924826502799988 27
1744397484272 0.6928688287734985 28
1744397484281 0.6927382349967957 29
