1744397503821 0.5532994866371155 0
1744397503839 0.5888324975967407 1
1744397503851 0.5939086079597473 2
1744397503863 0.5989847779273987 3
1744397503877 0.5939086079597473 4
1744397503886 0.5939086079597473 5
1744397503895 0.5888324975967407 6
1744397503904 0.5888324975967407 7
1744397503912 0.5837563276290894 8
1744397503921 0.5837563276290894 9
1744397503929 0.5837563276290894 10
1744397503938 0.5837563276290894 11
1744397503947 0.5786802172660828 12
1744397503956 0.5786802172660828 13
1744397503965 0.5786802172660828 14
1744397503974 0.5786802172660828 15
1744397503982 0.5786802172660828 16
