1744397503831 0.6924235820770264 0
1744397503845 0.6913547515869141 1
1744397503857 0.6905414462089539 2
1744397503872 0.6899072527885437 3
1744397503882 0.6891200542449951 4
1744397503890 0.6884573698043823 5
1744397503899 0.6877298355102539 6
1744397503908 0.6869646310806274 7
1744397503917 0.6860477924346924 8
1744397503925 0.6849145889282227 9
1744397503934 0.6843280792236328 10
1744397503943 0.6834216713905334 11
1744397503952 0.6826414465904236 12
1744397503961 0.6820401549339294 13
1744397503969 0.6814762353897095 14
1744397503978 0.6807811856269836 15
1744397503986 0.6799898743629456 16
