1744282289008 0.8032084107398987 0
1744282289018 0.7508873343467712 1
1744282289028 0.7161691784858704 2
1744282289037 0.7011803388595581 3
1744282289046 0.688947319984436 4
1744282289056 0.6821559071540833 5
1744282289066 0.6770159006118774 6
1744282289075 0.6739524006843567 7
1744282289084 0.6714896559715271 8
1744282289093 0.6685094833374023 9
1744282289102 0.6669065356254578 10
1744282289111 0.6656177043914795 11
1744282289120 0.6636090874671936 12
1744282289130 0.6619974374771118 13
1744282289139 0.6620635986328125 14
1744282289149 0.6596660017967224 15
1744282289158 0.6599873304367065 16
1744282289167 0.6579252481460571 17
1744282289177 0.6568023562431335 18
1744282289187 0.6557093262672424 19
1744282289197 0.6551117897033691 20
1744282289207 0.6538554430007935 21
