1744282289003 0.43877550959587097 0
1744282289013 0.4183673560619354 1
1744282289023 0.4693877696990967 2
1744282289032 0.5255101919174194 3
1744282289042 0.545918345451355 4
1744282289052 0.5510203838348389 5
1744282289061 0.5918367505073547 6
1744282289070 0.6020408272743225 7
1744282289079 0.6326530575752258 8
1744282289088 0.6428571343421936 9
1744282289097 0.6377550959587097 10
1744282289106 0.6275510191917419 11
1744282289115 0.6275510191917419 12
1744282289125 0.6173469424247742 13
1744282289134 0.6224489808082581 14
1744282289144 0.6275510191917419 15
1744282289154 0.6173469424247742 16
1744282289163 0.6122449040412903 17
1744282289172 0.6071428656578064 18
1744282289182 0.6173469424247742 19
1744282289192 0.6275510191917419 20
1744282289202 0.6224489808082581 21
