1744400905161 0.5260416865348816 0
1744400905171 0.6197916865348816 1
1744400905182 0.609375 2
1744400905195 0.6302083134651184 3
1744400905207 0.6666666865348816 4
1744400905219 0.6458333134651184 5
1744400905231 0.6510416865348816 6
1744400905242 0.6510416865348816 7
1744400905253 0.65625 8
1744400905266 0.6614583134651184 9
1744400905277 0.6770833134651184 10
1744400905289 0.6770833134651184 11
1744400905301 0.6822916865348816 12
1744400905313 0.6770833134651184 13
1744400905324 0.6666666865348816 14
1744400905336 0.6770833134651184 15
1744400905347 0.6666666865348816 16
1744400905360 0.671875 17
1744400905373 0.6822916865348816 18
1744400905385 0.6770833134651184 19
1744400905396 0.6770833134651184 20
