1744400905166 0.6891557574272156 0
1744400905177 0.6735809445381165 1
1744400905190 0.668175220489502 2
1744400905200 0.6580699682235718 3
1744400905213 0.652217447757721 4
1744400905225 0.6481614708900452 5
1744400905237 0.6439086198806763 6
1744400905247 0.6426383852958679 7
1744400905259 0.6401129364967346 8
1744400905271 0.6380138993263245 9
1744400905283 0.6360895037651062 10
1744400905295 0.6345177888870239 11
1744400905308 0.6345978379249573 12
1744400905319 0.6306337714195251 13
1744400905330 0.6300169229507446 14
1744400905341 0.6289648413658142 15
1744400905354 0.624035120010376 16
1744400905366 0.6205350160598755 17
1744400905379 0.6173174977302551 18
1744400905390 0.61636883020401 19
1744400905401 0.6111805438995361 20
