1743762865961 0.47826087474823 0
1743762865976 0.21739129722118378 1
1743762865990 0.5652173757553101 2
1743762866005 0.52173912525177 3
1743762866020 0.6086956262588501 4
1743762866037 0.6521739363670349 5
1743762866050 0.6521739363670349 6
1743762866061 0.6086956262588501 7
1743762866073 0.6086956262588501 8
1743762866084 0.6521739363670349 9
1743762866095 0.6521739363670349 10
1743762866106 0.6521739363670349 11
1743762866118 0.6521739363670349 12
1743762866133 0.6521739363670349 13
1743762866143 0.695652186870575 14
1743762866153 0.695652186870575 15
1743762866165 0.6521739363670349 16
1743762866176 0.695652186870575 17
1743762866185 0.739130437374115 18
