1744886051779 0.6935732364654541 0
1744886051790 0.6915223002433777 1
1744886051799 0.6910643577575684 2
1744886051808 0.6892970204353333 3
1744886051816 0.6884335875511169 4
1744886051824 0.6871892213821411 5
1744886051832 0.686253011226654 6
1744886051840 0.6832340955734253 7
1744886051848 0.682499349117279 8
1744886051857 0.6817593574523926 9
1744886051865 0.6796985268592834 10
1744886051873 0.6781761050224304 11
1744886051882 0.6763684749603271 12
1744886051890 0.674105167388916 13
1744886051898 0.6743215322494507 14
1744886051906 0.6725769639015198 15
1744886051915 0.6707509160041809 16
1744886051923 0.6723771095275879 17
1744886051932 0.6678783893585205 18
1744886051940 0.6660375595092773 19
1744886051949 0.6650314331054688 20
1744886051958 0.6636956930160522 21
1744886051968 0.6622715592384338 22
1744886051977 0.6624194383621216 23
