1744886409488 0.6919408440589905 0
1744886409498 0.6896148920059204 1
1744886409507 0.6879638433456421 2
1744886409516 0.686017632484436 3
1744886409524 0.6841915845870972 4
1744886409535 0.6819465756416321 5
1744886409544 0.679619550704956 6
1744886409553 0.6775271892547607 7
1744886409563 0.6749776601791382 8
1744886409572 0.6723797917366028 9
1744886409579 0.6701069474220276 10
1744886409587 0.6675143241882324 11
1744886409596 0.6658607125282288 12
1744886409605 0.6649861335754395 13
1744886409614 0.6632683277130127 14
1744886409622 0.6616714596748352 15
1744886409631 0.6609132885932922 16
1744886409640 0.6604299545288086 17
1744886409649 0.6590772271156311 18
1744886409660 0.6582726240158081 19
1744886409669 0.6572291254997253 20
1744886409680 0.6571207046508789 21
1744886409689 0.6554697155952454 22
1744886409698 0.6545711159706116 23
1744886409706 0.6543737053871155 24
1744886409716 0.6537864208221436 25
1744886409725 0.6531552672386169 26
