1744886409483 0.5663265585899353 0
1744886409493 0.6071428656578064 1
1744886409502 0.6122449040412903 2
1744886409512 0.6173469424247742 3
1744886409520 0.6224489808082581 4
1744886409528 0.6020408272743225 5
1744886409540 0.6020408272743225 6
1744886409548 0.5969387888908386 7
1744886409557 0.5969387888908386 8
1744886409568 0.5969387888908386 9
1744886409575 0.6071428656578064 10
1744886409583 0.6173469424247742 11
1744886409592 0.6071428656578064 12
1744886409601 0.6122449040412903 13
1744886409610 0.6122449040412903 14
1744886409618 0.6020408272743225 15
1744886409626 0.5918367505073547 16
1744886409636 0.6122449040412903 17
1744886409644 0.6122449040412903 18
1744886409654 0.6122449040412903 19
1744886409665 0.6020408272743225 20
1744886409674 0.6071428656578064 21
1744886409684 0.6122449040412903 22
1744886409694 0.6275510191917419 23
1744886409702 0.6071428656578064 24
1744886409711 0.6122449040412903 25
1744886409721 0.6122449040412903 26
