1744397236779 0.5076141953468323 0
1744397236792 0.5685279369354248 1
1744397236802 0.5634517669677734 2
1744397236813 0.5634517669677734 3
1744397236824 0.5634517669677734 4
1744397236835 0.5634517669677734 5
1744397236845 0.5736040472984314 6
1744397236855 0.5736040472984314 7
1744397236866 0.5736040472984314 8
1744397236878 0.5736040472984314 9
1744397236888 0.5736040472984314 10
1744397236898 0.5736040472984314 11
1744397236907 0.5736040472984314 12
1744397236918 0.5634517669677734 13
1744397236929 0.5685279369354248 14
1744397236940 0.5736040472984314 15
1744397236949 0.5786802172660828 16
1744397236960 0.5736040472984314 17
1744397236969 0.5888324975967407 18
1744397236978 0.5888324975967407 19
1744397236988 0.5837563276290894 20
