1744397236785 0.6942558288574219 0
1744397236797 0.692574679851532 1
1744397236808 0.691093385219574 2
1744397236818 0.6906019449234009 3
1744397236830 0.6890623569488525 4
1744397236840 0.6877710819244385 5
1744397236850 0.6862328052520752 6
1744397236861 0.6854767203330994 7
1744397236872 0.6842856407165527 8
1744397236883 0.6817851066589355 9
1744397236893 0.6819722652435303 10
1744397236902 0.6823682188987732 11
1744397236913 0.6802668571472168 12
1744397236924 0.6802822947502136 13
1744397236935 0.6774849891662598 14
1744397236945 0.6777842044830322 15
1744397236954 0.6734620928764343 16
1744397236964 0.6751179099082947 17
1744397236974 0.6694591045379639 18
1744397236983 0.6716901659965515 19
1744397236994 0.671720027923584 20
