1744886016997 0.6908271312713623 0
1744886017017 0.687883198261261 1
1744886017028 0.6855233907699585 2
1744886017048 0.6833295226097107 3
1744886017056 0.6806010007858276 4
1744886017066 0.67806476354599 5
1744886017075 0.6747568249702454 6
1744886017085 0.6717371940612793 7
1744886017095 0.6690213680267334 8
1744886017105 0.6660352349281311 9
1744886017115 0.6634354591369629 10
1744886017123 0.660222053527832 11
1744886017131 0.658097505569458 12
1744886017140 0.6563738584518433 13
1744886017148 0.6550287008285522 14
1744886017157 0.6534369587898254 15
1744886017165 0.652643084526062 16
1744886017176 0.6513094305992126 17
1744886017184 0.6505876779556274 18
1744886017192 0.6494709849357605 19
1744886017200 0.6485636234283447 20
1744886017208 0.6476428508758545 21
1744886017216 0.6466860771179199 22
1744886017224 0.646051824092865 23
1744886017232 0.6452967524528503 24
1744886017240 0.6449224352836609 25
1744886017248 0.6438134908676147 26
1744886017256 0.6437821388244629 27
1744886017264 0.6430107355117798 28
1744886017272 0.6421206593513489 29
