1744712257476 0.6942858099937439 0
1744712257488 0.6954588890075684 1
1744712257503 0.6943237781524658 2
1744712257512 0.6935220956802368 3
1744712257521 0.6946118474006653 4
1744712257532 0.6933851838111877 5
1744712257541 0.6947290897369385 6
1744712257551 0.6939061284065247 7
1744712261442 0.6939547657966614 8
1744712261457 0.6938517689704895 9
1744712261480 0.6941339373588562 10
1744712261491 0.6936824321746826 11
1744712261510 0.6938216090202332 12
1744712261521 0.6933392286300659 13
1744712261532 0.6927761435508728 14
1744712261544 0.6933016180992126 15
1744712261555 0.6933726072311401 16
1744712261566 0.6929076313972473 17
1744712261578 0.6934266686439514 18
1744712261588 0.6926811933517456 19
1744712261597 0.692939817905426 20
1744712261605 0.6924850344657898 21
1744712261614 0.6932482123374939 22
1744712261622 0.6924911141395569 23
1744712261631 0.6925793886184692 24
1744712261639 0.6919808387756348 25
1744712261648 0.6915332674980164 26
1744712261656 0.6929478645324707 27
1744712261664 0.6926761269569397 28
1744712261672 0.6918736696243286 29
