1744882448547 0.5532994866371155 0
1744882448569 0.6091370582580566 1
1744882448585 0.6091370582580566 2
1744882448602 0.5888324975967407 3
1744882448620 0.5685279369354248 4
1744882448635 0.5685279369354248 5
1744882448650 0.5989847779273987 6
1744882448666 0.6040608882904053 7
1744882448681 0.6091370582580566 8
1744882448695 0.6142131686210632 9
1744882448711 0.6142131686210632 10
1744882448736 0.6142131686210632 11
1744882448759 0.6142131686210632 12
1744882448775 0.6142131686210632 13
1744882448791 0.6142131686210632 14
1744882448807 0.6192893385887146 15
1744882448821 0.6192893385887146 16
1744882448835 0.6040608882904053 17
1744882448853 0.5939086079597473 18
1744882448870 0.6142131686210632 19
1744882448888 0.6142131686210632 20
1744882448903 0.6294416189193726 21
1744882448919 0.6345177888870239 22
