1744882448560 0.6925737261772156 0
1744882448576 0.6911907196044922 1
1744882448594 0.690161406993866 2
1744882448611 0.6893132328987122 3
1744882448628 0.6881908774375916 4
1744882448643 0.687268853187561 5
1744882448658 0.6863400340080261 6
1744882448673 0.6847389340400696 7
1744882448688 0.6833080649375916 8
1744882448703 0.6811631321907043 9
1744882448719 0.6793861389160156 10
1744882448750 0.6781588196754456 11
1744882448767 0.6755450367927551 12
1744882448783 0.6731820106506348 13
1744882448799 0.6706623435020447 14
1744882448814 0.6683874130249023 15
1744882448827 0.665930986404419 16
1744882448843 0.6626098155975342 17
1744882448861 0.6604174971580505 18
1744882448879 0.6573982238769531 19
1744882448895 0.6556441187858582 20
1744882448911 0.6541682481765747 21
1744882448927 0.6540438532829285 22
