1744279734658 0.6954869031906128 0
1744279734670 0.6933122873306274 1
1744279734682 0.6912062764167786 2
1744279734694 0.689525306224823 3
1744279734705 0.688251256942749 4
1744279734717 0.6870898008346558 5
1744279734727 0.6859361529350281 6
1744279734738 0.6850537657737732 7
1744279734750 0.6834897994995117 8
1744279734760 0.682713508605957 9
1744279734772 0.6817423105239868 10
1744279734783 0.6809315085411072 11
1744279734793 0.6801691651344299 12
1744279734803 0.6794463396072388 13
1744279734814 0.6787745952606201 14
