1744279734651 0.5663265585899353 0
1744279734664 0.5561224222183228 1
1744279734676 0.5561224222183228 2
1744279734688 0.5612244606018066 3
1744279734699 0.5510203838348389 4
1744279734711 0.5510203838348389 5
1744279734722 0.5510203838348389 6
1744279734733 0.5510203838348389 7
1744279734744 0.5510203838348389 8
1744279734755 0.5561224222183228 9
1744279734766 0.5561224222183228 10
1744279734778 0.5561224222183228 11
1744279734788 0.5561224222183228 12
1744279734798 0.5561224222183228 13
1744279734808 0.5714285969734192 14
