1744881645251 0.69237220287323 0
1744881645273 0.6916710734367371 1
1744881645288 0.6903684735298157 2
1744881645302 0.690006673336029 3
1744881645322 0.6882834434509277 4
1744881645337 0.6881954073905945 5
1744881645351 0.6862214207649231 6
1744881645365 0.6853756904602051 7
1744881645379 0.6863269805908203 8
1744881645392 0.683563232421875 9
1744881645405 0.6818127036094666 10
1744881645419 0.6805228590965271 11
1744881645464 0.6767988801002502 12
1744881645507 0.6738033890724182 13
1744881645531 0.674203097820282 14
1744881645547 0.6738346815109253 15
1744881645571 0.6696045398712158 16
1744881645584 0.67104172706604 17
1744881645596 0.6697847247123718 18
1744881645610 0.6692241430282593 19
1744881645622 0.6688892841339111 20
1744881645653 0.6665198802947998 21
1744881645668 0.6688758134841919 22
1744881645681 0.6638315320014954 23
1744881645694 0.6641783714294434 24
1744881645775 0.6646068692207336 25
1744881645791 0.6634831428527832 26
1744881645804 0.6609057784080505 27
1744881645817 0.652923047542572 28
