1744881645243 0.5888324975967407 0
1744881645260 0.5736040472984314 1
1744881645281 0.5837563276290894 2
1744881645295 0.5685279369354248 3
1744881645314 0.5685279369354248 4
1744881645330 0.5736040472984314 5
1744881645344 0.5736040472984314 6
1744881645358 0.5685279369354248 7
1744881645372 0.5736040472984314 8
1744881645386 0.5786802172660828 9
1744881645398 0.5989847779273987 10
1744881645412 0.5989847779273987 11
1744881645434 0.5888324975967407 12
1744881645486 0.5939086079597473 13
1744881645521 0.6040608882904053 14
1744881645539 0.6040608882904053 15
1744881645558 0.6091370582580566 16
1744881645577 0.5989847779273987 17
1744881645590 0.6142131686210632 18
1744881645603 0.5786802172660828 19
1744881645616 0.6192893385887146 20
1744881645633 0.6091370582580566 21
1744881645661 0.5888324975967407 22
1744881645675 0.624365508556366 23
1744881645688 0.624365508556366 24
1744881645733 0.5989847779273987 25
1744881645783 0.6142131686210632 26
1744881645798 0.624365508556366 27
1744881645811 0.624365508556366 28
