1744881820272 0.6931319832801819 0
1744881820287 0.6917049884796143 1
1744881820300 0.690794825553894 2
1744881820313 0.6887118220329285 3
1744881820327 0.6900875568389893 4
1744881820341 0.6885417103767395 5
1744881820358 0.6874030828475952 6
1744881820374 0.6858499646186829 7
1744881820388 0.6852505803108215 8
1744881820401 0.6853384375572205 9
1744881820415 0.6850948333740234 10
1744881820427 0.6805955767631531 11
1744881820442 0.6806943416595459 12
1744881820460 0.6840741038322449 13
1744881820474 0.6828954815864563 14
1744881820488 0.6885949969291687 15
1744881820503 0.6800537705421448 16
1744881820517 0.6789442300796509 17
1744881820531 0.6828319430351257 18
