1744881820261 0.4771573543548584 0
1744881820280 0.5786802172660828 1
1744881820293 0.5685279369354248 2
1744881820306 0.5685279369354248 3
1744881820320 0.5583756566047668 4
1744881820334 0.5634517669677734 5
1744881820350 0.5634517669677734 6
1744881820367 0.5685279369354248 7
1744881820381 0.5583756566047668 8
1744881820394 0.5634517669677734 9
1744881820408 0.5634517669677734 10
1744881820421 0.5685279369354248 11
1744881820435 0.5634517669677734 12
1744881820452 0.5634517669677734 13
1744881820467 0.5634517669677734 14
1744881820481 0.5634517669677734 15
1744881820495 0.5685279369354248 16
1744881820510 0.5583756566047668 17
1744881820524 0.5685279369354248 18
