1744712896995 0.5532994866371155 0
1744712897020 0.5177664756774902 1
1744712897050 0.5431472063064575 2
1744712897068 0.5685279369354248 3
1744712897098 0.5939086079597473 4
1744712897121 0.5786802172660828 5
1744712897147 0.5989847779273987 6
1744712897170 0.5634517669677734 7
1744712897190 0.5736040472984314 8
1744712897216 0.5532994866371155 9
1744712897236 0.5431472063064575 10
1744712897256 0.5736040472984314 11
1744712897282 0.5989847779273987 12
1744712897304 0.5939086079597473 13
1744712897333 0.5989847779273987 14
1744712897352 0.5837563276290894 15
1744712897370 0.5685279369354248 16
1744712897390 0.5685279369354248 17
1744712897411 0.5786802172660828 18
1744712897436 0.5837563276290894 19
1744712897455 0.5583756566047668 20
1744712897473 0.5939086079597473 21
1744712897490 0.5837563276290894 22
