1744712897006 0.6932417154312134 0
1744712897034 0.6930941939353943 1
1744712897060 0.6928607821464539 2
1744712897079 0.692323625087738 3
1744712897110 0.6924819350242615 4
1744712897133 0.6919193863868713 5
1744712897157 0.6919886469841003 6
1744712897180 0.6925366520881653 7
1744712897201 0.6927446722984314 8
1744712897226 0.6922097206115723 9
1744712897246 0.6918948888778687 10
1744712897267 0.6906144022941589 11
1744712897293 0.6914568543434143 12
1744712897318 0.6909976005554199 13
1744712897341 0.6908004879951477 14
1744712897361 0.6908623576164246 15
1744712897378 0.6914533972740173 16
1744712897400 0.6904913187026978 17
1744712897423 0.6906278133392334 18
1744712897446 0.6902239918708801 19
1744712897464 0.6908532977104187 20
1744712897482 0.6899560689926147 21
1744712897497 0.6907668709754944 22
