1744400716068 0.6996238827705383 0
1744400716080 0.6969453692436218 1
1744400716101 0.6917493343353271 2
1744400716111 0.6883769035339355 3
1744400716122 0.6852178573608398 4
1744400716143 0.6816961169242859 5
1744400716153 0.6778714656829834 6
1744400716162 0.6740298867225647 7
1744400716171 0.6755967736244202 8
1744400716181 0.6726663708686829 9
1744400716190 0.6720263957977295 10
1744400716200 0.6679978370666504 11
1744400716209 0.6659490466117859 12
1744400716218 0.6637510657310486 13
1744400716226 0.6625741124153137 14
1744400716235 0.65892094373703 15
1744400716244 0.6624627709388733 16
1744400716252 0.6612448692321777 17
1744400716261 0.6588248610496521 18
