1744400716061 0.4791666567325592 0
1744400716075 0.4635416567325592 1
1744400716095 0.5052083134651184 2
1744400716106 0.5520833134651184 3
1744400716117 0.5625 4
1744400716137 0.5729166865348816 5
1744400716148 0.6041666865348816 6
1744400716158 0.59375 7
1744400716167 0.6145833134651184 8
1744400716176 0.6145833134651184 9
1744400716186 0.6302083134651184 10
1744400716195 0.65625 11
1744400716205 0.6510416865348816 12
1744400716213 0.6510416865348816 13
1744400716222 0.6510416865348816 14
1744400716231 0.6458333134651184 15
1744400716240 0.65625 16
1744400716248 0.6302083134651184 17
1744400716257 0.6302083134651184 18
