1744279864783 0.4693877696990967 0
1744279864800 0.48469388484954834 1
1744279864813 0.5 2
1744279864828 0.4948979616165161 3
1744279864842 0.4948979616165161 4
1744279864855 0.5051020383834839 5
1744279864869 0.5051020383834839 6
1744279864882 0.5153061151504517 7
1744279864896 0.5153061151504517 8
1744279864910 0.5255101919174194 9
1744279864924 0.5663265585899353 10
1744279864939 0.5612244606018066 11
1744279864951 0.5765306353569031 12
1744279864965 0.581632673740387 13
1744279864979 0.5969387888908386 14
1744279864991 0.6122449040412903 15
1744279865005 0.6122449040412903 16
1744279865026 0.6173469424247742 17
1744279865039 0.6173469424247742 18
1744279865052 0.6071428656578064 19
1744279865065 0.6020408272743225 20
1744279865078 0.5969387888908386 21
1744279865096 0.6020408272743225 22
1744279865109 0.6020408272743225 23
1744279865121 0.5918367505073547 24
1744279865134 0.5867347121238708 25
1744279865147 0.5867347121238708 26
1744279865159 0.5867347121238708 27
1744279865172 0.5867347121238708 28
1744279865184 0.5918367505073547 29
