1744279864791 0.7018752098083496 0
1744279864806 0.7001998424530029 1
1744279864822 0.6987853050231934 2
1744279864833 0.6980475783348083 3
1744279864848 0.6970512866973877 4
1744279864863 0.6961007118225098 5
1744279864875 0.6951189041137695 6
1744279864890 0.6940707564353943 7
1744279864904 0.6929060220718384 8
1744279864916 0.6920494437217712 9
1744279864932 0.6911829113960266 10
1744279864945 0.6904017329216003 11
1744279864958 0.6895020008087158 12
1744279864971 0.6888448596000671 13
1744279864985 0.6880874037742615 14
1744279864999 0.687476634979248 15
1744279865017 0.6869131326675415 16
1744279865033 0.6863738894462585 17
1744279865046 0.6856444478034973 18
1744279865059 0.68520587682724 19
1744279865072 0.6843371987342834 20
1744279865086 0.6839264631271362 21
1744279865102 0.6834437251091003 22
1744279865115 0.6830241680145264 23
1744279865128 0.6824951171875 24
1744279865141 0.6820292472839355 25
1744279865153 0.6817485094070435 26
1744279865166 0.6814227104187012 27
1744279865178 0.6810445785522461 28
1744279865190 0.6808586120605469 29
