1744886188141 0.5408163070678711 0
1744886188151 0.5612244606018066 1
1744886188160 0.5561224222183228 2
1744886188169 0.5765306353569031 3
1744886188177 0.5918367505073547 4
1744886188185 0.6071428656578064 5
1744886188192 0.6122449040412903 6
1744886188201 0.6071428656578064 7
1744886188209 0.6071428656578064 8
1744886188217 0.6071428656578064 9
1744886188225 0.6173469424247742 10
1744886188232 0.6122449040412903 11
1744886188241 0.6071428656578064 12
1744886188249 0.6071428656578064 13
1744886188258 0.6122449040412903 14
1744886188266 0.6122449040412903 15
1744886188274 0.6122449040412903 16
1744886188282 0.6173469424247742 17
1744886188290 0.6173469424247742 18
1744886188298 0.6173469424247742 19
1744886188306 0.6173469424247742 20
1744886188314 0.6173469424247742 21
