1744712690058 0.5380710363388062 0
1744712690071 0.5939086079597473 1
1744712690086 0.5583756566047668 2
1744712690098 0.5685279369354248 3
1744712690112 0.5888324975967407 4
1744712690125 0.5888324975967407 5
1744712690139 0.5786802172660828 6
1744712690151 0.5736040472984314 7
1744712690164 0.5736040472984314 8
1744712690176 0.6040608882904053 9
1744712690189 0.5888324975967407 10
1744712690203 0.5888324975967407 11
1744712690216 0.5786802172660828 12
1744712690229 0.5939086079597473 13
1744712690243 0.5939086079597473 14
1744712690256 0.6294416189193726 15
1744712690269 0.6192893385887146 16
1744712690281 0.6040608882904053 17
1744712690294 0.624365508556366 18
1744712690308 0.6142131686210632 19
