1744712690064 0.6924278140068054 0
1744712690078 0.6886739730834961 1
1744712690092 0.6873142123222351 2
1744712690106 0.6844001412391663 3
1744712690118 0.6794072389602661 4
1744712690132 0.6769010424613953 5
1744712690145 0.6754360795021057 6
1744712690157 0.6731781363487244 7
1744712690170 0.6718083024024963 8
1744712690183 0.6697493195533752 9
1744712690195 0.6688361167907715 10
1744712690210 0.6679690480232239 11
1744712690223 0.6690805554389954 12
1744712690236 0.6699620485305786 13
1744712690249 0.6671736836433411 14
1744712690262 0.666755199432373 15
1744712690275 0.6652146577835083 16
1744712690288 0.6637794971466064 17
1744712690301 0.6627600193023682 18
1744712690315 0.6624124050140381 19
