1744886531319 0.5204081535339355 0
1744886531335 0.47448980808258057 1
1744886531345 0.5255101919174194 2
1744886531354 0.5102040767669678 3
1744886531363 0.5357142686843872 4
1744886531371 0.5612244606018066 5
1744886531380 0.5357142686843872 6
1744886531388 0.5765306353569031 7
1744886531397 0.545918345451355 8
1744886531407 0.5612244606018066 9
1744886531416 0.5561224222183228 10
1744886531425 0.5918367505073547 11
1744886531434 0.6122449040412903 12
1744886531443 0.5561224222183228 13
1744886531453 0.6020408272743225 14
1744886531463 0.5612244606018066 15
1744886531473 0.545918345451355 16
1744886531481 0.5612244606018066 17
1744886531490 0.581632673740387 18
1744886531498 0.581632673740387 19
1744886531506 0.5867347121238708 20
1744886531515 0.5969387888908386 21
1744886531527 0.6071428656578064 22
1744886531535 0.581632673740387 23
1744886531545 0.581632673740387 24
1744886531554 0.5663265585899353 25
