1744886531325 0.6937099099159241 0
1744886531340 0.6938988566398621 1
1744886531349 0.6932380795478821 2
1744886531359 0.6920387744903564 3
1744886531367 0.6924248337745667 4
1744886531376 0.6922383904457092 5
1744886531384 0.6927807331085205 6
1744886531393 0.6914457082748413 7
1744886531402 0.6919417977333069 8
1744886531412 0.6905672550201416 9
1744886531420 0.6912438273429871 10
1744886531430 0.6909599304199219 11
1744886531439 0.6919649243354797 12
1744886531448 0.6909958124160767 13
1744886531458 0.6907094717025757 14
1744886531468 0.6892979741096497 15
1744886531477 0.6904121041297913 16
1744886531486 0.6900255680084229 17
1744886531494 0.6898229718208313 18
1744886531502 0.6894704699516296 19
1744886531510 0.6882995963096619 20
1744886531522 0.6879468560218811 21
1744886531531 0.6882138252258301 22
1744886531540 0.6885142922401428 23
1744886531549 0.687955915927887 24
1744886531558 0.6885241866111755 25
