1744886043959 0.5510203838348389 0
1744886043968 0.5867347121238708 1
1744886043976 0.5867347121238708 2
1744886043984 0.5714285969734192 3
1744886043993 0.6071428656578064 4
1744886044005 0.581632673740387 5
1744886044012 0.6020408272743225 6
1744886044020 0.5918367505073547 7
1744886044028 0.6122449040412903 8
1744886044037 0.6020408272743225 9
1744886044045 0.5918367505073547 10
1744886044053 0.5969387888908386 11
1744886044061 0.5714285969734192 12
1744886044069 0.5918367505073547 13
1744886044077 0.6071428656578064 14
1744886044085 0.6071428656578064 15
1744886044093 0.6122449040412903 16
1744886044102 0.581632673740387 17
1744886044109 0.6020408272743225 18
1744886044118 0.6020408272743225 19
1744886044125 0.5918367505073547 20
1744886044133 0.6326530575752258 21
1744886044141 0.6275510191917419 22
1744886044149 0.6122449040412903 23
1744886044157 0.6224489808082581 24
1744886044165 0.6071428656578064 25
1744886044173 0.5969387888908386 26
1744886044181 0.6020408272743225 27
1744886044189 0.6071428656578064 28
1744886044197 0.6122449040412903 29
