1744886043964 0.6918644905090332 0
1744886043972 0.6879255175590515 1
1744886043980 0.6855529546737671 2
1744886043987 0.6830956339836121 3
1744886044001 0.6815032362937927 4
1744886044009 0.6792188882827759 5
1744886044016 0.6747780442237854 6
1744886044024 0.6742085218429565 7
1744886044033 0.6713055372238159 8
1744886044041 0.6710477471351624 9
1744886044049 0.6675165295600891 10
1744886044057 0.6662163138389587 11
1744886044065 0.6655382513999939 12
1744886044073 0.6616393327713013 13
1744886044081 0.661322295665741 14
1744886044089 0.6559601426124573 15
1744886044098 0.6528352499008179 16
1744886044106 0.6550283432006836 17
1744886044113 0.6544062495231628 18
1744886044121 0.6549761295318604 19
1744886044129 0.6528952121734619 20
1744886044137 0.6525763869285583 21
1744886044145 0.6476484537124634 22
1744886044153 0.6494470834732056 23
1744886044161 0.646592378616333 24
1744886044169 0.6495189666748047 25
1744886044177 0.6483484506607056 26
1744886044185 0.6472901105880737 27
1744886044193 0.6490671038627625 28
1744886044201 0.6482058167457581 29
