1743763044631 0.697956919670105 0
1743763044647 0.6892964243888855 1
1743763044660 0.6809918880462646 2
1743763044671 0.6729313135147095 3
1743763044683 0.6649227738380432 4
1743763044697 0.6572707891464233 5
1743763044720 0.6498936414718628 6
1743763044736 0.6427419781684875 7
1743763044758 0.6359142065048218 8
1743763044777 0.6293997764587402 9
1743763044802 0.6234399676322937 10
1743763044825 0.6177470684051514 11
1743763044850 0.612347424030304 12
1743763044864 0.6074355840682983 13
1743763044878 0.6028342247009277 14
1743763044890 0.5984340310096741 15
1743763044902 0.5944199562072754 16
1743763044914 0.5906581282615662 17
