1743763044625 0.6086956262588501 0
1743763044637 0.6086956262588501 1
1743763044653 0.6086956262588501 2
1743763044665 0.6521739363670349 3
1743763044677 0.6521739363670349 4
1743763044689 0.695652186870575 5
1743763044704 0.695652186870575 6
1743763044727 0.695652186870575 7
1743763044747 0.6086956262588501 8
1743763044765 0.739130437374115 9
1743763044788 0.739130437374115 10
1743763044813 0.739130437374115 11
1743763044836 0.739130437374115 12
1743763044858 0.739130437374115 13
1743763044871 0.739130437374115 14
1743763044884 0.739130437374115 15
1743763044896 0.739130437374115 16
1743763044908 0.739130437374115 17
