1744396883641 0.6931329965591431 0
1744396883657 0.6926020383834839 1
1744396883669 0.6928724646568298 2
1744396883685 0.6926815509796143 3
1744396883700 0.6919017434120178 4
1744396883713 0.6918976306915283 5
1744396883724 0.691700279712677 6
1744396883737 0.6914706230163574 7
1744396883749 0.691019594669342 8
1744396883762 0.6911354064941406 9
1744396883773 0.6903719902038574 10
1744396883785 0.6905417442321777 11
1744396883799 0.6909403800964355 12
1744396883811 0.6905903816223145 13
1744396883822 0.6905909776687622 14
1744396883834 0.690202534198761 15
1744396883848 0.6896969676017761 16
1744396883860 0.6891046762466431 17
1744396883871 0.6894802451133728 18
1744396883884 0.6890779137611389 19
1744396883895 0.6886127591133118 20
