1744396883635 0.49238577485084534 0
1744396883651 0.5177664756774902 1
1744396883663 0.5685279369354248 2
1744396883676 0.5532994866371155 3
1744396883692 0.5685279369354248 4
1744396883705 0.5532994866371155 5
1744396883718 0.5786802172660828 6
1744396883731 0.6040608882904053 7
1744396883743 0.6142131686210632 8
1744396883755 0.6142131686210632 9
1744396883767 0.5989847779273987 10
1744396883780 0.5939086079597473 11
1744396883792 0.5939086079597473 12
1744396883804 0.5888324975967407 13
1744396883817 0.5736040472984314 14
1744396883828 0.5837563276290894 15
1744396883840 0.5939086079597473 16
1744396883853 0.5989847779273987 17
1744396883866 0.5888324975967407 18
1744396883878 0.5888324975967407 19
1744396883889 0.5786802172660828 20
