1744396833513 0.4974619150161743 0
1744396833522 0.5380710363388062 1
1744396833531 0.5634517669677734 2
1744396833539 0.5685279369354248 3
1744396833547 0.5939086079597473 4
1744396833556 0.5786802172660828 5
1744396833564 0.5939086079597473 6
1744396833571 0.5939086079597473 7
1744396833580 0.5939086079597473 8
1744396833588 0.5888324975967407 9
1744396833596 0.5888324975967407 10
1744396833604 0.5888324975967407 11
1744396833613 0.5888324975967407 12
1744396833621 0.5837563276290894 13
1744396833630 0.5837563276290894 14
1744396833641 0.5786802172660828 15
1744396833655 0.5786802172660828 16
1744396833663 0.5786802172660828 17
1744396833672 0.5786802172660828 18
1744396833684 0.5837563276290894 19
1744396833692 0.5837563276290894 20
1744396833701 0.5888324975967407 21
1744396833710 0.5837563276290894 22
1744396833718 0.5837563276290894 23
