1744396833518 0.6931896805763245 0
1744396833527 0.6929062604904175 1
1744396833535 0.6926799416542053 2
1744396833543 0.6924440264701843 3
1744396833551 0.6921850442886353 4
1744396833560 0.6919834613800049 5
1744396833568 0.6917431950569153 6
1744396833576 0.6914952993392944 7
1744396833584 0.6912261843681335 8
1744396833592 0.690998375415802 9
1744396833600 0.6907899379730225 10
1744396833608 0.6905406713485718 11
1744396833617 0.6903518438339233 12
1744396833626 0.6901208162307739 13
1744396833634 0.6899189352989197 14
1744396833646 0.6897056102752686 15
1744396833659 0.6894360780715942 16
1744396833668 0.6892213225364685 17
1744396833679 0.6890480518341064 18
1744396833688 0.688784122467041 19
1744396833697 0.6885855197906494 20
1744396833706 0.6883381605148315 21
1744396833714 0.6880770325660706 22
1744396833722 0.6879007816314697 23
