1744279214791 0.7610195875167847 0
1744279214803 0.7483102679252625 1
1744279214814 0.7196915149688721 2
1744279214824 0.7122573256492615 3
1744279214834 0.6917266249656677 4
1744279214844 0.6901283264160156 5
1744279214855 0.7008833885192871 6
1744279214864 0.6882642507553101 7
1744279214875 0.7040713429450989 8
1744279214885 0.6863723993301392 9
1744279214895 0.6927867531776428 10
1744279214904 0.6846098899841309 11
1744279214914 0.6885699033737183 12
1744279214924 0.6829617619514465 13
1744279214934 0.6650436520576477 14
1744279214943 0.6788038015365601 15
1744279214954 0.6861464977264404 16
