1744279214784 0.4336734712123871 0
1744279214797 0.45408162474632263 1
1744279214809 0.4642857015132904 2
1744279214819 0.4693877696990967 3
1744279214829 0.5204081535339355 4
1744279214839 0.5255101919174194 5
1744279214849 0.545918345451355 6
1744279214860 0.5051020383834839 7
1744279214870 0.47959184646606445 8
1744279214880 0.5612244606018066 9
1744279214890 0.5357142686843872 10
1744279214900 0.545918345451355 11
1744279214909 0.5561224222183228 12
1744279214919 0.5612244606018066 13
1744279214929 0.5969387888908386 14
1744279214938 0.5510203838348389 15
1744279214948 0.5663265585899353 16
