1744397322214 0.46700507402420044 0
1744397322224 0.5989847779273987 1
1744397322235 0.5989847779273987 2
1744397322244 0.5634517669677734 3
1744397322254 0.5939086079597473 4
1744397322268 0.5583756566047668 5
1744397322279 0.5786802172660828 6
1744397322290 0.5786802172660828 7
1744397322301 0.5736040472984314 8
1744397322312 0.5634517669677734 9
1744397322323 0.5837563276290894 10
1744397322334 0.5736040472984314 11
1744397322346 0.5837563276290894 12
1744397322357 0.5786802172660828 13
1744397322369 0.5736040472984314 14
