1744397322219 0.6935303807258606 0
1744397322229 0.6921262145042419 1
1744397322240 0.6910842061042786 2
1744397322249 0.6903626918792725 3
1744397322259 0.6896048784255981 4
1744397322274 0.6888807415962219 5
1744397322285 0.6876990795135498 6
1744397322296 0.6875475645065308 7
1744397322307 0.6858696341514587 8
1744397322318 0.6842547059059143 9
1744397322329 0.6827903985977173 10
1744397322340 0.6837921142578125 11
1744397322351 0.6817723512649536 12
1744397322363 0.6803529262542725 13
1744397322374 0.6799487471580505 14
