1744282314799 0.5510203838348389 0
1744282314808 0.5663265585899353 1
1744282314819 0.545918345451355 2
1744282314829 0.5510203838348389 3
1744282314838 0.545918345451355 4
1744282314847 0.5663265585899353 5
1744282314856 0.5612244606018066 6
1744282314865 0.5510203838348389 7
1744282314875 0.5510203838348389 8
1744282314883 0.5510203838348389 9
1744282314893 0.5561224222183228 10
1744282314903 0.5612244606018066 11
1744282314913 0.5510203838348389 12
1744282314923 0.5612244606018066 13
1744282314932 0.5255101919174194 14
1744282314943 0.5612244606018066 15
1744282314952 0.5612244606018066 16
1744282314963 0.5306122303009033 17
