1744368270896 0.5126903653144836 0
1744368270918 0.5939086079597473 1
1744368270932 0.5532994866371155 2
1744368270945 0.5736040472984314 3
1744368270965 0.5786802172660828 4
1744368270975 0.6040608882904053 5
1744368270984 0.5736040472984314 6
1744368270995 0.5786802172660828 7
1744368271005 0.5634517669677734 8
1744368271016 0.5736040472984314 9
1744368271026 0.5786802172660828 10
1744368271037 0.5685279369354248 11
1744368271048 0.5685279369354248 12
1744368271058 0.5786802172660828 13
1744368271069 0.5786802172660828 14
