1744368270903 0.6931411623954773 0
1744368270925 0.6916741728782654 1
1744368270939 0.6915211081504822 2
1744368270959 0.691460132598877 3
1744368270970 0.6906281113624573 4
1744368270979 0.6891735196113586 5
1744368270989 0.6894727349281311 6
1744368271000 0.6896613240242004 7
1744368271011 0.689464807510376 8
1744368271021 0.6889970898628235 9
1744368271032 0.6883692145347595 10
1744368271042 0.6885776519775391 11
1744368271053 0.6886762380599976 12
1744368271064 0.6859541535377502 13
1744368271074 0.685987651348114 14
