1744711276729 0.6145833134651184 0
1744711276743 0.6145833134651184 1
1744711276756 0.6145833134651184 2
1744711276769 0.6145833134651184 3
1744711276784 0.6145833134651184 4
1744711276797 0.6145833134651184 5
1744711276808 0.609375 6
1744711276822 0.625 7
1744711276834 0.6145833134651184 8
1744711276846 0.6302083134651184 9
1744711276858 0.6041666865348816 10
1744711276871 0.6145833134651184 11
1744711276883 0.6145833134651184 12
1744711276896 0.6302083134651184 13
1744711276907 0.6354166865348816 14
1744711276920 0.6041666865348816 15
1744711276931 0.5885416865348816 16
1744711276942 0.6302083134651184 17
1744711276955 0.609375 18
1744711276967 0.6197916865348816 19
1744711276980 0.6197916865348816 20
1744711276996 0.625 21
1744711277013 0.625 22
1744711277027 0.6041666865348816 23
1744711277039 0.640625 24
1744711277051 0.6145833134651184 25
1744711277063 0.625 26
1744711277076 0.6354166865348816 27
1744711277088 0.6197916865348816 28
1744711277100 0.6197916865348816 29
