1744711276737 0.6730076670646667 0
1744711276749 0.6707723736763 1
1744711276762 0.6618163585662842 2
1744711276778 0.6594707369804382 3
1744711276791 0.6611101627349854 4
1744711276802 0.6560487747192383 5
1744711276814 0.6542585492134094 6
1744711276828 0.6524977087974548 7
1744711276840 0.6536741256713867 8
1744711276852 0.6695424914360046 9
1744711276864 0.6557120680809021 10
1744711276876 0.6551454663276672 11
1744711276890 0.6522906422615051 12
1744711276901 0.6522902846336365 13
1744711276914 0.6522508859634399 14
1744711276926 0.6554264426231384 15
1744711276937 0.6628619432449341 16
1744711276949 0.6536350250244141 17
1744711276961 0.6536056995391846 18
1744711276974 0.6508975625038147 19
1744711276986 0.6516909599304199 20
1744711277006 0.6496272087097168 21
1744711277021 0.6558046936988831 22
1744711277033 0.6696474552154541 23
1744711277045 0.6514537930488586 24
1744711277058 0.6557216048240662 25
1744711277070 0.6533863544464111 26
1744711277082 0.6500295996665955 27
1744711277094 0.6501247882843018 28
1744711277106 0.6505843997001648 29
