1744881965413 0.5431472063064575 0
1744881965427 0.6142131686210632 1
1744881965442 0.5837563276290894 2
1744881965456 0.5786802172660828 3
1744881965472 0.5736040472984314 4
1744881965487 0.5736040472984314 5
1744881965504 0.5736040472984314 6
1744881965519 0.5685279369354248 7
1744881965534 0.5939086079597473 8
1744881965549 0.5532994866371155 9
1744881965564 0.5685279369354248 10
1744881965578 0.5888324975967407 11
1744881965593 0.5989847779273987 12
1744881965607 0.5888324975967407 13
1744881965622 0.5786802172660828 14
1744881965637 0.5888324975967407 15
1744881965653 0.5989847779273987 16
1744881965668 0.6142131686210632 17
1744881965683 0.6040608882904053 18
