1744282295794 0.47448980808258057 0
1744282295805 0.5102040767669678 1
1744282295816 0.5102040767669678 2
1744282295827 0.5153061151504517 3
1744282295837 0.5306122303009033 4
1744282295847 0.5306122303009033 5
1744282295858 0.5510203838348389 6
1744282295868 0.5561224222183228 7
1744282295878 0.5561224222183228 8
1744282295887 0.5510203838348389 9
1744282295897 0.5561224222183228 10
1744282295906 0.5612244606018066 11
1744282295917 0.5612244606018066 12
1744282295926 0.5612244606018066 13
1744282295936 0.5612244606018066 14
1744282295946 0.5663265585899353 15
1744282295955 0.5714285969734192 16
1744282295964 0.5612244606018066 17
1744282295974 0.5663265585899353 18
1744282295985 0.5714285969734192 19
1744282295995 0.5663265585899353 20
1744282296005 0.5765306353569031 21
1744282296015 0.5714285969734192 22
1744282296025 0.5765306353569031 23
1744282296035 0.581632673740387 24
1744282296044 0.581632673740387 25
1744282296054 0.581632673740387 26
1744282296063 0.581632673740387 27
1744282296073 0.581632673740387 28
1744282296083 0.5765306353569031 29
