1744282295800 0.6959081292152405 0
1744282295811 0.6942242383956909 1
1744282295821 0.6928431987762451 2
1744282295832 0.6916244029998779 3
1744282295842 0.6901494264602661 4
1744282295852 0.6890317797660828 5
1744282295863 0.6876289248466492 6
1744282295873 0.6865125894546509 7
1744282295882 0.6854627132415771 8
1744282295892 0.6845535039901733 9
1744282295902 0.683928906917572 10
1744282295912 0.6830564141273499 11
1744282295922 0.6823240518569946 12
1744282295932 0.681673526763916 13
1744282295941 0.6810070872306824 14
1744282295950 0.6803278923034668 15
1744282295960 0.6797406673431396 16
1744282295969 0.6791536808013916 17
1744282295980 0.6784190535545349 18
1744282295990 0.6778272390365601 19
1744282296000 0.6772260665893555 20
1744282296009 0.6767316460609436 21
1744282296020 0.6762155890464783 22
1744282296030 0.6755363941192627 23
1744282296040 0.675015926361084 24
1744282296049 0.6746500134468079 25
1744282296058 0.6741856336593628 26
1744282296068 0.6737774610519409 27
1744282296078 0.6734272837638855 28
1744282296088 0.6729273796081543 29
