1744367921058 0.6941903829574585 0
1744367921067 0.6938685774803162 1
1744367921076 0.6935743689537048 2
1744367921084 0.6933439373970032 3
1744367921093 0.6930143237113953 4
1744367921102 0.6927627921104431 5
1744367921111 0.69244384765625 6
1744367921119 0.6921907067298889 7
1744367921126 0.6919112801551819 8
1744367921134 0.6917265057563782 9
1744367921142 0.6914336085319519 10
1744367921149 0.691165566444397 11
1744367921157 0.6909034252166748 12
1744367921165 0.6905991435050964 13
1744367921173 0.6903549432754517 14
1744367921180 0.6901576519012451 15
1744367921188 0.6898695230484009 16
1744367921196 0.6896729469299316 17
1744367921203 0.6894086599349976 18
1744367921210 0.6891384720802307 19
1744367921217 0.6889257431030273 20
1744367921225 0.6886175870895386 21
1744367921233 0.6884240508079529 22
