1744400734434 0.6975765228271484 0
1744400734445 0.6817899346351624 1
1744400734453 0.6661691665649414 2
1744400734462 0.6619153022766113 3
1744400734471 0.6579352021217346 4
1744400734480 0.6532117128372192 5
1744400734489 0.6481261849403381 6
1744400734498 0.6456112265586853 7
1744400734508 0.6482690572738647 8
1744400734520 0.6428202986717224 9
1744400734529 0.6409149169921875 10
1744400734537 0.6483361721038818 11
1744400734546 0.6426959037780762 12
1744400734555 0.6395760774612427 13
1744400734564 0.6384375095367432 14
1744400734573 0.6379634141921997 15
1744400734582 0.6357942223548889 16
1744400734590 0.6402513980865479 17
1744400734599 0.6314483284950256 18
1744400734607 0.6344103217124939 19
1744400734617 0.6337108016014099 20
1744400734626 0.6334022879600525 21
1744400734634 0.6287139058113098 22
1744400734643 0.6303775906562805 23
1744400734652 0.6265665888786316 24
1744400734661 0.6273416876792908 25
1744400734669 0.6247532963752747 26
1744400734678 0.618845522403717 27
1744400734686 0.6232355237007141 28
