1744400734429 0.4895833432674408 0
1744400734438 0.5885416865348816 1
1744400734449 0.6458333134651184 2
1744400734457 0.640625 3
1744400734466 0.65625 4
1744400734475 0.640625 5
1744400734484 0.6614583134651184 6
1744400734493 0.6354166865348816 7
1744400734503 0.6510416865348816 8
1744400734515 0.671875 9
1744400734524 0.65625 10
1744400734533 0.640625 11
1744400734541 0.65625 12
1744400734550 0.6822916865348816 13
1744400734559 0.6614583134651184 14
1744400734568 0.6822916865348816 15
1744400734578 0.6614583134651184 16
1744400734586 0.671875 17
1744400734594 0.6614583134651184 18
1744400734603 0.6614583134651184 19
1744400734612 0.6614583134651184 20
1744400734621 0.65625 21
1744400734630 0.6666666865348816 22
1744400734639 0.6770833134651184 23
1744400734647 0.6875 24
1744400734656 0.671875 25
1744400734665 0.6614583134651184 26
1744400734673 0.6822916865348816 27
1744400734682 0.6614583134651184 28
