1744881170123 0.5888324975967407 0
1744881170152 0.5736040472984314 1
1744881170167 0.5685279369354248 2
1744881170182 0.5685279369354248 3
1744881170209 0.5685279369354248 4
1744881170223 0.5685279369354248 5
1744881170238 0.5634517669677734 6
1744881170252 0.5685279369354248 7
1744881170267 0.5736040472984314 8
1744881170281 0.5786802172660828 9
1744881170294 0.5736040472984314 10
1744881170308 0.5786802172660828 11
1744881170321 0.5888324975967407 12
1744881170335 0.5888324975967407 13
1744881170347 0.5888324975967407 14
1744881170363 0.5939086079597473 15
1744881170377 0.5888324975967407 16
1744881170390 0.5989847779273987 17
1744881170404 0.6040608882904053 18
1744881170419 0.6091370582580566 19
1744881170433 0.6091370582580566 20
1744881170447 0.6091370582580566 21
1744881170460 0.6040608882904053 22
1744881170473 0.6091370582580566 23
