1744282230435 0.4591836631298065 0
1744282230445 0.4693877696990967 1
1744282230455 0.47448980808258057 2
1744282230465 0.5 3
1744282230474 0.5102040767669678 4
1744282230484 0.5204081535339355 5
1744282230493 0.5714285969734192 6
1744282230503 0.5918367505073547 7
1744282230513 0.6071428656578064 8
1744282230523 0.6122449040412903 9
1744282230533 0.6122449040412903 10
1744282230544 0.6173469424247742 11
1744282230554 0.6071428656578064 12
1744282230564 0.6122449040412903 13
1744282230574 0.6275510191917419 14
1744282230584 0.6224489808082581 15
1744282230594 0.6224489808082581 16
1744282230604 0.6071428656578064 17
1744282230614 0.6020408272743225 18
1744282230624 0.6020408272743225 19
