1744282230440 0.8167549967765808 0
1744282230450 0.7809221148490906 1
1744282230460 0.7501481771469116 2
1744282230469 0.7290690541267395 3
1744282230479 0.7097064256668091 4
1744282230489 0.6974067091941833 5
1744282230498 0.6875317692756653 6
1744282230508 0.6815345883369446 7
1744282230518 0.6775426864624023 8
1744282230528 0.6748817563056946 9
1744282230539 0.6723198294639587 10
1744282230549 0.6708554625511169 11
1744282230559 0.6695825457572937 12
1744282230569 0.6681169271469116 13
1744282230579 0.6669867634773254 14
1744282230589 0.6659064888954163 15
1744282230599 0.6650859117507935 16
1744282230609 0.6644046306610107 17
1744282230619 0.6633924245834351 18
1744282230629 0.662383496761322 19
