1744882153243 0.6931547522544861 0
1744882153259 0.6923784017562866 1
1744882153274 0.6917693614959717 2
1744882153296 0.6906485557556152 3
1744882153315 0.6903592944145203 4
1744882153330 0.689405083656311 5
1744882153345 0.688943088054657 6
1744882153359 0.6887005567550659 7
1744882153374 0.687653124332428 8
1744882153387 0.6853048801422119 9
1744882153401 0.6845043897628784 10
1744882153420 0.6851921081542969 11
1744882153438 0.6834595799446106 12
1744882153455 0.6836749315261841 13
1744882153476 0.6820278167724609 14
1744882153569 0.6820691227912903 15
1744882153601 0.6798772811889648 16
1744882153628 0.6776957511901855 17
1744882153650 0.6764447093009949 18
1744882153678 0.6810307502746582 19
1744882153694 0.6742991209030151 20
1744882153710 0.6744027137756348 21
1744882153748 0.6672425270080566 22
1744882153787 0.6724395155906677 23
1744882153807 0.6682284474372864 24
1744882153825 0.6617591381072998 25
1744882153846 0.6661058664321899 26
1744882153869 0.6608873009681702 27
1744882153888 0.6628574132919312 28
1744882153905 0.6676694750785828 29
