1744882153226 0.5329949259757996 0
1744882153251 0.5380710363388062 1
1744882153266 0.5634517669677734 2
1744882153288 0.5532994866371155 3
1744882153307 0.5685279369354248 4
1744882153323 0.5685279369354248 5
1744882153338 0.5685279369354248 6
1744882153352 0.5634517669677734 7
1744882153367 0.5634517669677734 8
1744882153381 0.5685279369354248 9
1744882153394 0.5786802172660828 10
1744882153414 0.5685279369354248 11
1744882153429 0.5736040472984314 12
1744882153446 0.5685279369354248 13
1744882153463 0.5736040472984314 14
1744882153532 0.5837563276290894 15
1744882153585 0.5736040472984314 16
1744882153614 0.6040608882904053 17
1744882153638 0.5939086079597473 18
1744882153661 0.5837563276290894 19
1744882153685 0.5939086079597473 20
1744882153702 0.5939086079597473 21
1744882153721 0.6192893385887146 22
1744882153772 0.5888324975967407 23
1744882153798 0.6294416189193726 24
1744882153816 0.624365508556366 25
1744882153837 0.624365508556366 26
1744882153857 0.624365508556366 27
1744882153879 0.5939086079597473 28
1744882153897 0.6091370582580566 29
