1744279606865 0.545918345451355 0
1744279606879 0.545918345451355 1
1744279606890 0.4897959232330322 2
1744279606904 0.5204081535339355 3
1744279606914 0.581632673740387 4
1744279606925 0.4591836631298065 5
1744279606936 0.47959184646606445 6
1744279606946 0.545918345451355 7
1744279606956 0.6020408272743225 8
1744279606966 0.5408163070678711 9
1744279606976 0.5663265585899353 10
1744279606990 0.5153061151504517 11
1744279607003 0.5357142686843872 12
1744279607015 0.5255101919174194 13
1744279607030 0.6020408272743225 14
1744279607043 0.5765306353569031 15
1744279607058 0.5969387888908386 16
1744279607073 0.5969387888908386 17
1744279607086 0.5918367505073547 18
1744279607098 0.5306122303009033 19
1744279607112 0.5714285969734192 20
1744279607123 0.5765306353569031 21
