1744712198891 0.6929993033409119 0
1744712198905 0.6922361254692078 1
1744712198932 0.6917385458946228 2
1744712198947 0.6911785006523132 3
1744712198962 0.690734326839447 4
1744712198972 0.6902980208396912 5
1744712198982 0.6897258758544922 6
1744712198991 0.6893388032913208 7
1744712199001 0.6889958381652832 8
1744712199010 0.6884715557098389 9
1744712199020 0.6881587505340576 10
1744712199029 0.6874919533729553 11
1744712199038 0.6869624853134155 12
1744712199048 0.6864715218544006 13
1744712199057 0.6860097646713257 14
1744712199067 0.6854656934738159 15
1744712199076 0.6848545074462891 16
1744712199086 0.684420108795166 17
1744712199095 0.6839095950126648 18
1744712199104 0.6833997964859009 19
1744712199113 0.6827373504638672 20
1744712199122 0.6821779608726501 21
1744712199130 0.6817549467086792 22
1744712199138 0.6811336874961853 23
