1744712198884 0.5025380849838257 0
1744712198900 0.5736040472984314 1
1744712198924 0.5837563276290894 2
1744712198940 0.5736040472984314 3
1744712198955 0.5634517669677734 4
1744712198968 0.5532994866371155 5
1744712198977 0.5634517669677734 6
1744712198987 0.5634517669677734 7
1744712198997 0.5634517669677734 8
1744712199006 0.5685279369354248 9
1744712199015 0.5685279369354248 10
1744712199025 0.5685279369354248 11
1744712199034 0.5685279369354248 12
1744712199043 0.5685279369354248 13
1744712199053 0.5685279369354248 14
1744712199062 0.5685279369354248 15
1744712199071 0.5634517669677734 16
1744712199081 0.5634517669677734 17
1744712199090 0.5634517669677734 18
1744712199099 0.5634517669677734 19
1744712199109 0.5634517669677734 20
1744712199117 0.5634517669677734 21
1744712199126 0.5634517669677734 22
1744712199134 0.5634517669677734 23
