1744279312191 0.5153061151504517 0
1744279312205 0.5867347121238708 1
1744279312224 0.5051020383834839 2
1744279312241 0.5357142686843872 3
1744279312261 0.5561224222183228 4
1744279312276 0.545918345451355 5
1744279312293 0.5306122303009033 6
1744279312310 0.5918367505073547 7
1744279312323 0.581632673740387 8
1744279312338 0.5510203838348389 9
1744279312354 0.5969387888908386 10
1744279312369 0.5204081535339355 11
1744279312384 0.5357142686843872 12
1744279312398 0.6122449040412903 13
1744279312413 0.5357142686843872 14
1744279312426 0.5612244606018066 15
1744279312439 0.6428571343421936 16
1744279312453 0.5306122303009033 17
1744279312466 0.5510203838348389 18
1744279312480 0.5561224222183228 19
1744279312494 0.5612244606018066 20
1744279312507 0.5561224222183228 21
1744279312521 0.5663265585899353 22
1744279312540 0.5255101919174194 23
1744279312555 0.5510203838348389 24
1744279312569 0.5510203838348389 25
1744279312582 0.5408163070678711 26
1744279312596 0.5714285969734192 27
1744279312609 0.545918345451355 28
1744279312621 0.5255101919174194 29
