1744279312198 0.7067418694496155 0
1744279312211 0.6847959756851196 1
1744279312232 0.7078657150268555 2
1744279312253 0.688077986240387 3
1744279312268 0.6751599907875061 4
1744279312285 0.680631697177887 5
1744279312300 0.6969055533409119 6
1744279312316 0.6890708208084106 7
1744279312330 0.6821538209915161 8
1744279312345 0.6873876452445984 9
1744279312362 0.6923540234565735 10
1744279312377 0.6980225443840027 11
1744279312391 0.695192813873291 12
1744279312406 0.6849889755249023 13
1744279312419 0.6961585879325867 14
1744279312432 0.6874554753303528 15
1744279312446 0.67752605676651 16
1744279312459 0.6950129270553589 17
1744279312473 0.6750680804252625 18
1744279312487 0.6851048469543457 19
1744279312501 0.6904478073120117 20
1744279312514 0.6864888072013855 21
1744279312528 0.6700862050056458 22
1744279312548 0.689710795879364 23
1744279312562 0.6855826377868652 24
1744279312576 0.6832783222198486 25
1744279312589 0.6863064765930176 26
1744279312602 0.6831811666488647 27
1744279312615 0.691710352897644 28
1744279312628 0.690008282661438 29
