1744397535617 0.6928608417510986 0
1744397535629 0.6926988363265991 1
1744397535642 0.6929908394813538 2
1744397535653 0.6932686567306519 3
1744397535664 0.6921783089637756 4
1744397535676 0.6929084062576294 5
1744397535687 0.6928035616874695 6
1744397535698 0.6927357912063599 7
1744397535709 0.6926657557487488 8
1744397535719 0.6920844316482544 9
1744397535730 0.6920683979988098 10
1744397535740 0.6922571063041687 11
1744397535750 0.6918779611587524 12
1744397535760 0.6918414235115051 13
1744397535770 0.6919897794723511 14
1744397535784 0.6923140287399292 15
1744397535796 0.6916379332542419 16
1744397535806 0.6911049485206604 17
1744397535815 0.691734254360199 18
