1744886842608 0.5918367505073547 0
1744886842619 0.5918367505073547 1
1744886842638 0.5969387888908386 2
1744886842656 0.5867347121238708 3
1744886842668 0.6071428656578064 4
1744886842678 0.5918367505073547 5
1744886842691 0.6020408272743225 6
1744886842701 0.6020408272743225 7
1744886842714 0.581632673740387 8
1744886842724 0.5969387888908386 9
1744886842734 0.5918367505073547 10
1744886842746 0.5969387888908386 11
1744886842758 0.5867347121238708 12
1744886842769 0.5765306353569031 13
1744886842798 0.5918367505073547 14
1744886842809 0.5969387888908386 15
1744886842821 0.6020408272743225 16
1744886842831 0.6122449040412903 17
1744886842841 0.581632673740387 18
1744886842851 0.6071428656578064 19
1744886842863 0.6020408272743225 20
1744886842874 0.581632673740387 21
1744886842883 0.5765306353569031 22
1744886842894 0.5969387888908386 23
1744886842905 0.6020408272743225 24
1744886842915 0.5969387888908386 25
1744886842926 0.6020408272743225 26
1744886842936 0.6071428656578064 27
1744886842949 0.5867347121238708 28
1744886842960 0.5969387888908386 29
