1744886842614 0.6914133429527283 0
1744886842632 0.6896877884864807 1
1744886842650 0.6879485249519348 2
1744886842662 0.6855739951133728 3
1744886842673 0.683149516582489 4
1744886842685 0.6800537109375 5
1744886842695 0.6786603927612305 6
1744886842708 0.6752259135246277 7
1744886842719 0.6731434464454651 8
1744886842729 0.6703035831451416 9
1744886842740 0.6682795286178589 10
1744886842753 0.663770854473114 11
1744886842763 0.6624905467033386 12
1744886842792 0.6618376970291138 13
1744886842804 0.6570957899093628 14
1744886842815 0.6560007929801941 15
1744886842826 0.6552492380142212 16
1744886842836 0.6565293073654175 17
1744886842846 0.653514564037323 18
1744886842857 0.6545584797859192 19
1744886842869 0.6531274914741516 20
1744886842879 0.6520674824714661 21
1744886842889 0.6550877690315247 22
1744886842899 0.649815559387207 23
1744886842910 0.6511059403419495 24
1744886842920 0.6516141891479492 25
1744886842931 0.6497681140899658 26
1744886842944 0.6493116021156311 27
1744886842954 0.6491395831108093 28
1744886842965 0.6489150524139404 29
