1744886196407 0.6904698014259338 0
1744886196418 0.683838963508606 1
1744886196429 0.6777626276016235 2
1744886196438 0.6693254709243774 3
1744886196447 0.6648411750793457 4
1744886196456 0.6615443825721741 5
1744886196465 0.6592404246330261 6
1744886196474 0.6575734615325928 7
1744886196482 0.6539493203163147 8
1744886196490 0.6518533825874329 9
1744886196499 0.6519867181777954 10
1744886196510 0.6517078876495361 11
1744886196520 0.6523897051811218 12
1744886196529 0.6481632590293884 13
1744886196537 0.6477493047714233 14
1744886196546 0.647597074508667 15
1744886196554 0.6459072828292847 16
1744886196566 0.6474657654762268 17
1744886196574 0.641197681427002 18
1744886196583 0.6444464921951294 19
