1744881919341 0.4720812141895294 0
1744881919360 0.5786802172660828 1
1744881919374 0.5634517669677734 2
1744881919389 0.6192893385887146 3
1744881919407 0.5685279369354248 4
1744881919428 0.5939086079597473 5
1744881919447 0.5786802172660828 6
1744881919463 0.5837563276290894 7
1744881919482 0.5583756566047668 8
1744881919504 0.5736040472984314 9
1744881919519 0.5685279369354248 10
1744881919533 0.5736040472984314 11
1744881919548 0.5583756566047668 12
1744881919562 0.5634517669677734 13
1744881919575 0.5634517669677734 14
1744881919592 0.5634517669677734 15
1744881919608 0.5736040472984314 16
1744881919626 0.5736040472984314 17
1744881919640 0.5685279369354248 18
1744881919656 0.5685279369354248 19
1744881919671 0.5685279369354248 20
1744881919686 0.5634517669677734 21
1744881919700 0.5685279369354248 22
1744881919714 0.5685279369354248 23
