1744881919348 0.6933720111846924 0
1744881919368 0.6915637850761414 1
1744881919382 0.6918511390686035 2
1744881919397 0.6917803883552551 3
1744881919416 0.6920958161354065 4
1744881919438 0.6920014023780823 5
1744881919455 0.690166711807251 6
1744881919473 0.6907850503921509 7
1744881919497 0.6902502179145813 8
1744881919512 0.6905457377433777 9
1744881919526 0.6901639103889465 10
1744881919540 0.6898581385612488 11
1744881919555 0.6903097033500671 12
1744881919569 0.6898339986801147 13
1744881919584 0.6891466379165649 14
1744881919600 0.688774824142456 15
1744881919616 0.6887564063072205 16
1744881919633 0.6892206072807312 17
1744881919648 0.6893302798271179 18
1744881919663 0.6894389390945435 19
1744881919678 0.6887722015380859 20
1744881919693 0.6881574988365173 21
1744881919707 0.689281165599823 22
1744881919720 0.688305139541626 23
