1744712629320 0.5177664756774902 0
1744712629334 0.5736040472984314 1
1744712629348 0.6091370582580566 2
1744712629370 0.6142131686210632 3
1744712629384 0.5939086079597473 4
1744712629398 0.5786802172660828 5
1744712629410 0.5532994866371155 6
1744712629422 0.6192893385887146 7
1744712629435 0.5989847779273987 8
1744712629447 0.6040608882904053 9
1744712629461 0.5786802172660828 10
1744712629474 0.5837563276290894 11
1744712629487 0.5786802172660828 12
1744712629500 0.5685279369354248 13
1744712629514 0.5786802172660828 14
1744712629529 0.5532994866371155 15
1744712629542 0.5685279369354248 16
1744712629555 0.5532994866371155 17
1744712629568 0.5532994866371155 18
1744712629582 0.5685279369354248 19
1744712629595 0.5888324975967407 20
1744712629608 0.5786802172660828 21
1744712629623 0.5837563276290894 22
1744712629636 0.5634517669677734 23
1744712629649 0.5685279369354248 24
1744712629663 0.5939086079597473 25
1744712629677 0.5837563276290894 26
1744712629691 0.5736040472984314 27
1744712629704 0.5634517669677734 28
1744712629718 0.5482233762741089 29
