1744712629327 0.6932030916213989 0
1744712629341 0.6925270557403564 1
1744712629363 0.6920650601387024 2
1744712629377 0.691640317440033 3
1744712629391 0.6917703151702881 4
1744712629404 0.6916080117225647 5
1744712629417 0.6921299695968628 6
1744712629429 0.6906042695045471 7
1744712629441 0.6905527710914612 8
1744712629454 0.6902623176574707 9
1744712629467 0.6906386613845825 10
1744712629480 0.690013587474823 11
1744712629494 0.6897258758544922 12
1744712629508 0.6895143389701843 13
1744712629521 0.6898180842399597 14
1744712629536 0.6894833445549011 15
1744712629548 0.6891637444496155 16
1744712629562 0.6895644068717957 17
1744712629575 0.6889404654502869 18
1744712629588 0.6884614825248718 19
1744712629602 0.6878398656845093 20
1744712629616 0.6882308125495911 21
1744712629629 0.6882425546646118 22
1744712629643 0.6876227855682373 23
1744712629656 0.6869788765907288 24
1744712629670 0.6869921088218689 25
1744712629685 0.687502384185791 26
1744712629697 0.6866899132728577 27
1744712629710 0.686158299446106 28
1744712629724 0.6867027282714844 29
