1743763664720 0.7333730459213257 0
1743763664731 0.6750202178955078 1
1743763664740 0.7129307389259338 2
1743763664750 0.6775041818618774 3
1743763664760 0.7242842316627502 4
1743763664770 0.6628279089927673 5
1743763664780 0.6652421355247498 6
1743763664791 0.6677759289741516 7
1743763664802 0.663480281829834 8
1743763664812 0.6414413452148438 9
1743763664821 0.6363447308540344 10
1743763664831 0.6706462502479553 11
1743763664840 0.6512404084205627 12
1743763664849 0.6448453068733215 13
1743763664858 0.6421931982040405 14
