1743763664715 0.43478259444236755 0
1743763664726 0.5652173757553101 1
1743763664736 0.5652173757553101 2
1743763664745 0.5652173757553101 3
1743763664755 0.6086956262588501 4
1743763664765 0.47826087474823 5
1743763664775 0.6086956262588501 6
1743763664785 0.6521739363670349 7
1743763664797 0.5652173757553101 8
1743763664807 0.6521739363670349 9
1743763664817 0.6086956262588501 10
1743763664826 0.6521739363670349 11
1743763664835 0.695652186870575 12
1743763664844 0.6521739363670349 13
1743763664854 0.5652173757553101 14
