1744401180689 0.6994422078132629 0
1744401180703 0.6737424731254578 1
1744401180717 0.6744682788848877 2
1744401180730 0.6643759608268738 3
1744401180743 0.6585871577262878 4
1744401180756 0.6530253291130066 5
1744401180770 0.6564856171607971 6
1744401180783 0.6420583724975586 7
1744401180796 0.6350782513618469 8
1744401180834 0.6363453269004822 9
1744401180847 0.6352176070213318 10
1744401180860 0.6326467394828796 11
1744401180875 0.6437016725540161 12
1744401180890 0.6263570189476013 13
1744401180908 0.6219639182090759 14
1744401180923 0.618933916091919 15
1744401180937 0.6163452863693237 16
