1744401180681 0.5520833134651184 0
1744401180697 0.5989583134651184 1
1744401180710 0.5729166865348816 2
1744401180723 0.5885416865348816 3
1744401180736 0.6145833134651184 4
1744401180750 0.6197916865348816 5
1744401180763 0.5885416865348816 6
1744401180776 0.625 7
1744401180789 0.625 8
1744401180827 0.6302083134651184 9
1744401180841 0.6458333134651184 10
1744401180854 0.640625 11
1744401180868 0.609375 12
1744401180882 0.6510416865348816 13
1744401180898 0.6666666865348816 14
1744401180916 0.6875 15
1744401180930 0.6302083134651184 16
