1744712723837 0.5126903653144836 0
1744712723851 0.5685279369354248 1
1744712723865 0.5736040472984314 2
1744712723877 0.5837563276290894 3
1744712723890 0.5583756566047668 4
1744712723904 0.5685279369354248 5
1744712723917 0.5736040472984314 6
1744712723931 0.5736040472984314 7
1744712723944 0.5736040472984314 8
1744712723957 0.5837563276290894 9
1744712723970 0.5837563276290894 10
1744712723983 0.5888324975967407 11
1744712723995 0.5837563276290894 12
1744712724008 0.5939086079597473 13
1744712724021 0.5989847779273987 14
1744712724034 0.5939086079597473 15
1744712724047 0.5939086079597473 16
1744712724060 0.5989847779273987 17
1744712724074 0.5939086079597473 18
1744712724092 0.5888324975967407 19
