1744881620016 0.6931902170181274 0
1744881620030 0.692138671875 1
1744881620042 0.6912894248962402 2
1744881620055 0.6905359625816345 3
1744881620067 0.6894048452377319 4
1744881620083 0.6887418627738953 5
1744881620100 0.6878452897071838 6
1744881620113 0.6866636872291565 7
1744881620126 0.6850306391716003 8
1744881620138 0.6834421753883362 9
1744881620150 0.6817190051078796 10
1744881620162 0.679363489151001 11
1744881620174 0.6772851943969727 12
1744881620186 0.6743406653404236 13
1744881620198 0.6718339323997498 14
1744881620210 0.6683458685874939 15
1744881620223 0.6654693484306335 16
1744881620240 0.661719024181366 17
1744881620253 0.6590077877044678 18
1744881620265 0.6553381085395813 19
1744881620277 0.6534692645072937 20
1744881620290 0.6501234173774719 21
1744881620302 0.6479600071907043 22
1744881620314 0.6458520889282227 23
1744881620326 0.6429272294044495 24
1744881620338 0.6419829726219177 25
1744881620350 0.6397675275802612 26
1744881620362 0.638191282749176 27
1744881620373 0.635283887386322 28
1744881620385 0.6344464421272278 29
