1744279475780 0.7108606696128845 0
1744279475795 0.7095141410827637 1
1744279475812 0.6945666074752808 2
1744279475828 0.6836652755737305 3
1744279475843 0.6833269596099854 4
1744279475860 0.6992520093917847 5
1744279475873 0.6863095760345459 6
1744279475885 0.6909081339836121 7
1744279475899 0.6932291984558105 8
1744279475912 0.6877646446228027 9
1744279475925 0.6792371273040771 10
1744279475940 0.6934585571289062 11
1744279475953 0.6931953430175781 12
1744279475965 0.6851798295974731 13
1744279475978 0.6741881966590881 14
