1744279475764 0.4234693944454193 0
1744279475788 0.47448980808258057 1
1744279475803 0.5255101919174194 2
1744279475820 0.5765306353569031 3
1744279475836 0.5663265585899353 4
1744279475851 0.5204081535339355 5
1744279475867 0.5510203838348389 6
1744279475879 0.5357142686843872 7
1744279475891 0.5561224222183228 8
1744279475905 0.5969387888908386 9
1744279475918 0.5765306353569031 10
1744279475933 0.5510203838348389 11
1744279475947 0.5561224222183228 12
1744279475959 0.545918345451355 13
1744279475971 0.5765306353569031 14
