1744886368232 0.6923309564590454 0
1744886368242 0.6912840008735657 1
1744886368253 0.6920290589332581 2
1744886368262 0.6914639472961426 3
1744886368270 0.6908613443374634 4
1744886368278 0.69125896692276 5
1744886368290 0.6910174489021301 6
1744886368300 0.6907925605773926 7
1744886368309 0.690472424030304 8
1744886368318 0.6903439164161682 9
1744886368326 0.6903046369552612 10
1744886368334 0.6898643970489502 11
1744886368343 0.689110279083252 12
1744886368351 0.6901638507843018 13
1744886368360 0.6891666054725647 14
1744886368368 0.6889569163322449 15
1744886368377 0.6891538500785828 16
1744886368386 0.6879358291625977 17
1744886368397 0.6881080269813538 18
1744886368407 0.6891390085220337 19
1744886368415 0.6886600852012634 20
1744886368425 0.6874238848686218 21
1744886368433 0.6874775290489197 22
1744886368442 0.6874602437019348 23
1744886368450 0.6863350868225098 24
1744886368458 0.6866432428359985 25
1744886368466 0.6855812668800354 26
1744886368475 0.6859492659568787 27
