1744886368226 0.5102040767669678 0
1744886368237 0.5102040767669678 1
1744886368248 0.545918345451355 2
1744886368257 0.5510203838348389 3
1744886368266 0.5612244606018066 4
1744886368274 0.5918367505073547 5
1744886368284 0.581632673740387 6
1744886368296 0.5612244606018066 7
1744886368305 0.5714285969734192 8
1744886368313 0.5765306353569031 9
1744886368322 0.5561224222183228 10
1744886368330 0.5561224222183228 11
1744886368338 0.5765306353569031 12
1744886368347 0.5714285969734192 13
1744886368355 0.545918345451355 14
1744886368364 0.5969387888908386 15
1744886368373 0.5765306353569031 16
1744886368382 0.5765306353569031 17
1744886368392 0.5765306353569031 18
1744886368402 0.5714285969734192 19
1744886368411 0.5663265585899353 20
1744886368420 0.5867347121238708 21
1744886368429 0.581632673740387 22
1744886368438 0.5561224222183228 23
1744886368446 0.581632673740387 24
1744886368454 0.5969387888908386 25
1744886368461 0.5918367505073547 26
1744886368470 0.5765306353569031 27
