1744881698127 0.5634517669677734 0
1744881698141 0.5634517669677734 1
1744881698156 0.5634517669677734 2
1744881698169 0.5634517669677734 3
1744881698182 0.5634517669677734 4
1744881698195 0.5634517669677734 5
1744881698210 0.5685279369354248 6
1744881698224 0.5685279369354248 7
1744881698237 0.5685279369354248 8
1744881698250 0.5786802172660828 9
1744881698262 0.5736040472984314 10
1744881698275 0.5888324975967407 11
1744881698289 0.6040608882904053 12
1744881698303 0.6040608882904053 13
1744881698316 0.6091370582580566 14
1744881698329 0.6091370582580566 15
1744881698342 0.624365508556366 16
1744881698354 0.6294416189193726 17
1744881698367 0.6446700692176819 18
