1744881698134 0.6920828819274902 0
1744881698150 0.6891180276870728 1
1744881698163 0.6846042275428772 2
1744881698175 0.6816677451133728 3
1744881698188 0.6792428493499756 4
1744881698204 0.6766012907028198 5
1744881698217 0.6764553189277649 6
1744881698231 0.6750953793525696 7
1744881698243 0.6743689775466919 8
1744881698256 0.6729823350906372 9
1744881698269 0.6703850030899048 10
1744881698282 0.6691481471061707 11
1744881698296 0.6666210889816284 12
1744881698310 0.6647666692733765 13
1744881698323 0.6633420586585999 14
1744881698335 0.6613686680793762 15
1744881698348 0.6585381031036377 16
1744881698361 0.6576587557792664 17
1744881698373 0.6559880971908569 18
