1744368245184 0.6942565441131592 0
1744368245193 0.6932119131088257 1
1744368245203 0.69264817237854 2
1744368245213 0.6922053098678589 3
1744368245224 0.6919301748275757 4
1744368245234 0.6914051175117493 5
1744368245244 0.6905589699745178 6
1744368245253 0.6902854442596436 7
1744368245263 0.6894615888595581 8
1744368245272 0.688710629940033 9
1744368245282 0.6888564229011536 10
1744368245302 0.688691258430481 11
1744368245312 0.6884576082229614 12
1744368245326 0.6872623562812805 13
1744368245337 0.687007486820221 14
