1744712732960 0.6933629512786865 0
1744712732986 0.6932956576347351 1
1744712733002 0.6927958726882935 2
1744712733018 0.6926711201667786 3
1744712733038 0.6921966075897217 4
1744712733050 0.6920290589332581 5
1744712733062 0.6912850141525269 6
1744712733073 0.691486120223999 7
1744712733085 0.6910288333892822 8
1744712733097 0.6908112168312073 9
1744712733109 0.6903505921363831 10
1744712733121 0.6896384954452515 11
1744712733134 0.6897565722465515 12
1744712733147 0.6890607476234436 13
1744712733157 0.6891102194786072 14
1744712733169 0.6892920136451721 15
1744712733182 0.6884899139404297 16
1744712733193 0.6877522468566895 17
1744712733205 0.6871209144592285 18
1744712733218 0.6876315474510193 19
1744712733231 0.6866753101348877 20
1744712733242 0.6864950060844421 21
1744712733259 0.6873972415924072 22
1744712733271 0.6867024898529053 23
1744712733285 0.6857550740242004 24
1744712733297 0.6860435009002686 25
1744712733308 0.6852537989616394 26
1744712733320 0.684867262840271 27
1744712733333 0.6852245926856995 28
