1744712732951 0.48730963468551636 0
1744712732977 0.4822334945201874 1
1744712732994 0.5532994866371155 2
1744712733010 0.5329949259757996 3
1744712733032 0.5431472063064575 4
1744712733045 0.5989847779273987 5
1744712733056 0.5583756566047668 6
1744712733068 0.5482233762741089 7
1744712733079 0.5634517669677734 8
1744712733090 0.5532994866371155 9
1744712733103 0.5634517669677734 10
1744712733116 0.5989847779273987 11
1744712733129 0.5939086079597473 12
1744712733140 0.5685279369354248 13
1744712733152 0.5685279369354248 14
1744712733164 0.5837563276290894 15
1744712733175 0.5634517669677734 16
1744712733187 0.5634517669677734 17
1744712733199 0.5837563276290894 18
1744712733212 0.5939086079597473 19
1744712733224 0.5888324975967407 20
1744712733236 0.5837563276290894 21
1744712733252 0.5634517669677734 22
1744712733266 0.5736040472984314 23
1744712733278 0.5786802172660828 24
1744712733290 0.5685279369354248 25
1744712733302 0.5837563276290894 26
1744712733315 0.5837563276290894 27
1744712733327 0.5685279369354248 28
