1743762873433 0.6375750303268433 0
1743762873445 0.6491014361381531 1
1743762873458 0.6017609238624573 2
1743762873469 0.587980329990387 3
1743762873482 0.6368275284767151 4
1743762873501 0.6200729608535767 5
1743762873513 0.6132094264030457 6
1743762873524 0.6083289384841919 7
1743762873534 0.6148513555526733 8
1743762873545 0.6251966953277588 9
1743762873556 0.6102136373519897 10
1743762873567 0.6141408681869507 11
1743762873578 0.6253871917724609 12
1743762873589 0.5796491503715515 13
1743762873601 0.5937731266021729 14
1743762873611 0.585839569568634 15
1743762873621 0.6021628379821777 16
