1743762873426 0.6086956262588501 0
1743762873440 0.6086956262588501 1
1743762873452 0.782608687877655 2
1743762873464 0.8260869383811951 3
1743762873476 0.739130437374115 4
1743762873492 0.6521739363670349 5
1743762873507 0.6521739363670349 6
1743762873519 0.782608687877655 7
1743762873529 0.6521739363670349 8
1743762873539 0.6086956262588501 9
1743762873551 0.695652186870575 10
1743762873561 0.6521739363670349 11
1743762873573 0.6521739363670349 12
1743762873583 0.782608687877655 13
1743762873595 0.6521739363670349 14
1743762873606 0.782608687877655 15
1743762873616 0.6521739363670349 16
