1744368045626 0.6931014657020569 0
1744368045637 0.6937904953956604 1
1744368045646 0.693061888217926 2
1744368045654 0.6932345032691956 3
1744368045661 0.6927034854888916 4
1744368045673 0.693749725818634 5
1744368045693 0.6927199959754944 6
1744368045701 0.6924546957015991 7
1744368045709 0.6927521824836731 8
1744368045717 0.6924827098846436 9
1744368045726 0.6929577589035034 10
1744368045733 0.692240297794342 11
1744368045741 0.6921651363372803 12
1744368045749 0.6920137405395508 13
1744368045757 0.6912776231765747 14
1744368045765 0.6916913390159607 15
1744368045773 0.6915090084075928 16
1744368045781 0.6914090514183044 17
1744368045789 0.6915684342384338 18
1744368045797 0.6909991502761841 19
1744368045805 0.6911638379096985 20
1744368045814 0.6903887987136841 21
1744368045821 0.6910725831985474 22
1744368045829 0.6899263858795166 23
1744368045837 0.6905704140663147 24
1744368045845 0.6902288198471069 25
1744368045857 0.6905933022499084 26
1744368045865 0.6902778148651123 27
1744368045875 0.6895679235458374 28
1744368045883 0.6900254487991333 29
