1744400955723 0.6895264983177185 0
1744400955738 0.6706390976905823 1
1744400955749 0.6627352833747864 2
1744400955760 0.6600637435913086 3
1744400955770 0.6508192420005798 4
1744400955781 0.6508793830871582 5
1744400955792 0.6485663056373596 6
1744400955802 0.6444957852363586 7
1744400955820 0.6459843516349792 8
1744400955835 0.6432411074638367 9
1744400955851 0.6411279439926147 10
1744400955863 0.6421116590499878 11
1744400955875 0.6372862458229065 12
1744400955887 0.637585461139679 13
1744400955899 0.6359408497810364 14
1744400955915 0.6330997943878174 15
1744400955926 0.6352450847625732 16
1744400955938 0.6305434703826904 17
1744400955948 0.6277349591255188 18
1744400955960 0.625895082950592 19
1744400955971 0.621790885925293 20
1744400955983 0.6167271733283997 21
1744400955994 0.6213274598121643 22
1744400956006 0.6169783473014832 23
1744400956018 0.6151953339576721 24
1744400956028 0.6025300621986389 25
1744400956039 0.6044981479644775 26
