1744396629849 0.4771573543548584 0
1744396629863 0.5634517669677734 1
1744396629873 0.5786802172660828 2
1744396629882 0.5786802172660828 3
1744396629893 0.5786802172660828 4
1744396629903 0.5685279369354248 5
1744396629913 0.5685279369354248 6
1744396629923 0.5685279369354248 7
1744396629933 0.5736040472984314 8
1744396629942 0.5736040472984314 9
1744396629953 0.5736040472984314 10
1744396629963 0.5837563276290894 11
1744396629973 0.5837563276290894 12
1744396629981 0.5837563276290894 13
1744396629991 0.5837563276290894 14
1744396630002 0.5837563276290894 15
