1744396629854 0.693257749080658 0
1744396629868 0.6919575929641724 1
1744396629877 0.6910381317138672 2
1744396629887 0.6899867057800293 3
1744396629898 0.6891303062438965 4
1744396629908 0.6881479024887085 5
1744396629918 0.6871094703674316 6
1744396629928 0.6860000491142273 7
1744396629937 0.6851092576980591 8
1744396629948 0.6840225458145142 9
1744396629957 0.6831636428833008 10
1744396629968 0.6820486783981323 11
1744396629977 0.6813178062438965 12
1744396629986 0.6800549626350403 13
1744396629997 0.6792015433311462 14
1744396630006 0.6782479286193848 15
