1744712155858 0.6928618550300598 0
1744712155867 0.6929484605789185 1
1744712155876 0.6928555965423584 2
1744712155884 0.6923506855964661 3
1744712155893 0.6922255158424377 4
1744712155901 0.691649317741394 5
1744712155911 0.6913385391235352 6
1744712155919 0.6908122301101685 7
1744712155929 0.6910352110862732 8
1744712155937 0.690197229385376 9
1744712155946 0.6894583106040955 10
1744712155955 0.6898227334022522 11
1744712155964 0.6890400052070618 12
1744712155972 0.6895625591278076 13
1744712155980 0.6892994046211243 14
1744712155988 0.6881489157676697 15
