1744712155853 0.5228426456451416 0
1744712155863 0.5025380849838257 1
1744712155872 0.5329949259757996 2
1744712155880 0.5736040472984314 3
1744712155889 0.5329949259757996 4
1744712155897 0.5634517669677734 5
1744712155906 0.5786802172660828 6
1744712155915 0.5786802172660828 7
1744712155925 0.5228426456451416 8
1744712155933 0.5786802172660828 9
1744712155941 0.5888324975967407 10
1744712155950 0.5532994866371155 11
1744712155959 0.5532994866371155 12
1744712155968 0.5736040472984314 13
1744712155976 0.5634517669677734 14
1744712155984 0.5583756566047668 15
