1743762894524 0.30434781312942505 0
1743762894535 0.30434781312942505 1
1743762894547 0.3478260934352875 2
1743762894558 0.52173912525177 3
1743762894567 0.6086956262588501 4
1743762894577 0.695652186870575 5
1743762894586 0.695652186870575 6
1743762894597 0.695652186870575 7
1743762894608 0.695652186870575 8
1743762894619 0.695652186870575 9
1743762894630 0.695652186870575 10
1743762894641 0.695652186870575 11
1743762894651 0.695652186870575 12
1743762894662 0.695652186870575 13
1743762894673 0.695652186870575 14
