1743762894529 0.7186660766601562 0
1743762894541 0.7049041390419006 1
1743762894553 0.6944500207901001 2
1743762894562 0.6842390298843384 3
1743762894572 0.675225555896759 4
1743762894582 0.666496217250824 5
1743762894591 0.6576796770095825 6
1743762894602 0.6517574191093445 7
1743762894613 0.641361653804779 8
1743762894625 0.6358031034469604 9
1743762894635 0.6287223100662231 10
1743762894646 0.6234079599380493 11
1743762894656 0.6181342005729675 12
1743762894667 0.6111566424369812 13
1743762894678 0.6081024408340454 14
