1744881680964 0.6935449838638306 0
1744881680977 0.6933041214942932 1
1744881680991 0.6930937170982361 2
1744881681003 0.6928744316101074 3
1744881681016 0.6927911043167114 4
1744881681029 0.6923391819000244 5
1744881681041 0.6933373808860779 6
1744881681060 0.6921520233154297 7
1744881681072 0.6916505694389343 8
1744881681084 0.6918593645095825 9
1744881681096 0.6912938356399536 10
1744881681109 0.6916893720626831 11
1744881681121 0.6912316679954529 12
1744881681133 0.6907185912132263 13
1744881681145 0.6910400390625 14
1744881681161 0.6910906434059143 15
1744881681174 0.6909918785095215 16
1744881681191 0.6899116635322571 17
1744881681203 0.6907410621643066 18
1744881681216 0.6897639036178589 19
1744881681229 0.6901149749755859 20
1744881681241 0.6901907324790955 21
1744881681254 0.6899752020835876 22
1744881681266 0.6892548203468323 23
1744881681278 0.6888458132743835 24
1744881681290 0.6893346309661865 25
1744881681303 0.6894497871398926 26
