1744712338404 0.5939086079597473 0
1744712338416 0.5634517669677734 1
1744712338428 0.5939086079597473 2
1744712338439 0.5888324975967407 3
1744712338447 0.5939086079597473 4
1744712338456 0.6294416189193726 5
1744712338464 0.5888324975967407 6
1744712338475 0.5431472063064575 7
1744712338483 0.5685279369354248 8
1744712338492 0.5888324975967407 9
1744712338500 0.5685279369354248 10
1744712338508 0.5786802172660828 11
1744712338516 0.5939086079597473 12
1744712338524 0.5939086079597473 13
1744712338533 0.5786802172660828 14
1744712338541 0.5837563276290894 15
1744712338549 0.5685279369354248 16
1744712338558 0.6091370582580566 17
1744712338566 0.5989847779273987 18
1744712338574 0.5685279369354248 19
1744712338583 0.5837563276290894 20
1744712338591 0.5583756566047668 21
1744712338599 0.5634517669677734 22
