1744712338410 0.6918862462043762 0
1744712338423 0.6918540000915527 1
1744712338434 0.6913875937461853 2
1744712338443 0.6919589638710022 3
1744712338451 0.6903805732727051 4
1744712338460 0.6912722587585449 5
1744712338468 0.6906110644340515 6
1744712338479 0.6908489465713501 7
1744712338487 0.6906870007514954 8
1744712338496 0.6905918717384338 9
1744712338504 0.6904650926589966 10
1744712338512 0.6899892091751099 11
1744712338520 0.6904870867729187 12
1744712338529 0.6900309324264526 13
1744712338537 0.6900697350502014 14
1744712338545 0.6900296211242676 15
1744712338553 0.6901724338531494 16
1744712338562 0.6891607046127319 17
1744712338570 0.6889376640319824 18
1744712338579 0.6888006925582886 19
1744712338587 0.6891528367996216 20
1744712338595 0.6888997554779053 21
1744712338603 0.6895043849945068 22
