1744882318517 0.5583756566047668 0
1744882318539 0.5634517669677734 1
1744882318562 0.5431472063064575 2
1744882318588 0.5532994866371155 3
1744882318608 0.5482233762741089 4
1744882318626 0.5532994866371155 5
1744882318645 0.5532994866371155 6
1744882318660 0.5736040472984314 7
1744882318675 0.5482233762741089 8
1744882318688 0.5634517669677734 9
1744882318703 0.5685279369354248 10
1744882318718 0.5685279369354248 11
1744882318735 0.5532994866371155 12
1744882318750 0.5634517669677734 13
1744882318770 0.5685279369354248 14
1744882318786 0.5634517669677734 15
1744882318800 0.5634517669677734 16
1744882318813 0.5634517669677734 17
1744882318827 0.5685279369354248 18
1744882318840 0.5634517669677734 19
1744882318852 0.5634517669677734 20
1744882318865 0.5634517669677734 21
1744882318877 0.5634517669677734 22
1744882318890 0.5634517669677734 23
1744882318903 0.5634517669677734 24
1744882318916 0.5634517669677734 25
1744882318929 0.5634517669677734 26
