1744886909462 0.5051020383834839 0
1744886909472 0.5918367505073547 1
1744886909482 0.6173469424247742 2
1744886909491 0.5969387888908386 3
1744886909499 0.6122449040412903 4
1744886909508 0.6122449040412903 5
1744886909516 0.6122449040412903 6
1744886909524 0.6071428656578064 7
1744886909532 0.6020408272743225 8
1744886909540 0.5969387888908386 9
1744886909548 0.5969387888908386 10
1744886909556 0.6020408272743225 11
1744886909563 0.6020408272743225 12
1744886909571 0.6020408272743225 13
1744886909579 0.6071428656578064 14
1744886909587 0.6071428656578064 15
1744886909595 0.6020408272743225 16
1744886909603 0.6122449040412903 17
1744886909610 0.6071428656578064 18
1744886909618 0.6275510191917419 19
1744886909626 0.6275510191917419 20
1744886909634 0.6122449040412903 21
1744886909642 0.6173469424247742 22
1744886909650 0.6020408272743225 23
1744886909657 0.5969387888908386 24
1744886909665 0.5969387888908386 25
1744886909673 0.5969387888908386 26
1744886909681 0.5969387888908386 27
1744886909689 0.5969387888908386 28
1744886909697 0.5969387888908386 29
