1744886301211 0.5102040767669678 0
1744886301221 0.5918367505073547 1
1744886301231 0.5867347121238708 2
1744886301240 0.6173469424247742 3
1744886301250 0.6020408272743225 4
1744886301259 0.5969387888908386 5
1744886301269 0.5969387888908386 6
1744886301277 0.6071428656578064 7
1744886301287 0.581632673740387 8
1744886301295 0.581632673740387 9
1744886301304 0.6020408272743225 10
1744886301312 0.5918367505073547 11
1744886301321 0.6020408272743225 12
1744886301329 0.5765306353569031 13
1744886301338 0.5714285969734192 14
1744886301349 0.5918367505073547 15
1744886301357 0.5867347121238708 16
1744886301366 0.5969387888908386 17
1744886301375 0.5918367505073547 18
1744886301384 0.5918367505073547 19
1744886301392 0.5918367505073547 20
1744886301402 0.5867347121238708 21
1744886301410 0.581632673740387 22
