1744886301217 0.6923356056213379 0
1744886301226 0.6903626322746277 1
1744886301236 0.6861969232559204 2
1744886301244 0.6865308880805969 3
1744886301254 0.6860252022743225 4
1744886301264 0.6827176809310913 5
1744886301273 0.6804516315460205 6
1744886301282 0.6795387268066406 7
1744886301291 0.6795030832290649 8
1744886301299 0.6774604916572571 9
1744886301308 0.6768579483032227 10
1744886301316 0.6745364665985107 11
1744886301325 0.6741930246353149 12
1744886301334 0.6714571714401245 13
1744886301344 0.671464741230011 14
1744886301353 0.6677302718162537 15
1744886301362 0.6673714518547058 16
1744886301370 0.6668055057525635 17
1744886301379 0.6629620790481567 18
1744886301388 0.6637730598449707 19
1744886301397 0.6631706953048706 20
1744886301406 0.6568435430526733 21
1744886301415 0.6582541465759277 22
