1744882343517 0.6931678056716919 0
1744882343530 0.693889319896698 1
1744882343543 0.6945024132728577 2
1744882343557 0.6932855844497681 3
1744882343570 0.6943308115005493 4
1744882343582 0.6939146518707275 5
1744882343595 0.6939281225204468 6
1744882343608 0.6930917501449585 7
1744882343621 0.693485677242279 8
1744882343633 0.6932437419891357 9
1744882343647 0.692838728427887 10
1744882343660 0.6937925219535828 11
1744882343672 0.6934013366699219 12
1744882343684 0.6932222843170166 13
1744882343697 0.6933187246322632 14
1744882343723 0.6929931640625 15
1744882343740 0.6929594874382019 16
1744882343754 0.693615734577179 17
1744882343770 0.6930491924285889 18
1744882343785 0.6926179528236389 19
1744882343803 0.6927211284637451 20
1744882343824 0.6924357414245605 21
1744882343844 0.6926188468933105 22
1744882343863 0.6925342679023743 23
1744882343881 0.6926387548446655 24
1744882343898 0.6924999952316284 25
1744882343916 0.6926230192184448 26
1744882343936 0.6927492618560791 27
1744882343953 0.6924691200256348 28
1744882343969 0.6924587488174438 29
