1744882343511 0.42131978273391724 0
1744882343524 0.43654823303222656 1
1744882343536 0.4568527936935425 2
1744882343550 0.4517766535282135 3
1744882343563 0.4467005133628845 4
1744882343576 0.4568527936935425 5
1744882343589 0.49238577485084534 6
1744882343602 0.5126903653144836 7
1744882343615 0.4822334945201874 8
1744882343627 0.5025380849838257 9
1744882343640 0.5329949259757996 10
1744882343653 0.43654823303222656 11
1744882343666 0.5076141953468323 12
1744882343678 0.5634517669677734 13
1744882343691 0.4822334945201874 14
1744882343713 0.5685279369354248 15
1744882343732 0.5126903653144836 16
1744882343747 0.4974619150161743 17
1744882343762 0.5076141953468323 18
1744882343777 0.5888324975967407 19
1744882343793 0.5583756566047668 20
1744882343813 0.5634517669677734 21
1744882343834 0.5279187560081482 22
1744882343854 0.5482233762741089 23
1744882343872 0.5736040472984314 24
1744882343889 0.5279187560081482 25
1744882343908 0.5736040472984314 26
1744882343927 0.5380710363388062 27
1744882343944 0.5482233762741089 28
1744882343960 0.5431472063064575 29
