1744881610814 0.6925296783447266 0
1744881610829 0.6896326541900635 1
1744881610841 0.6869670748710632 2
1744881610853 0.6848486065864563 3
1744881610866 0.6822081208229065 4
1744881610879 0.679405152797699 5
1744881610892 0.6723966598510742 6
1744881610905 0.669349193572998 7
1744881610917 0.6626006960868835 8
1744881610929 0.6577104330062866 9
1744881610941 0.6544942259788513 10
1744881610953 0.6536340713500977 11
1744881610966 0.6484194397926331 12
1744881610980 0.6470842957496643 13
1744881610994 0.6473435759544373 14
1744881611006 0.6410685777664185 15
1744881611019 0.6395124793052673 16
1744881611033 0.6356403827667236 17
1744881611048 0.6326298713684082 18
1744881611061 0.6317211985588074 19
1744881611073 0.6271314024925232 20
1744881611086 0.6240208745002747 21
1744881611098 0.6195564270019531 22
1744881611111 0.6168664693832397 23
