1744397188468 0.6934201121330261 0
1744397188479 0.6919108629226685 1
1744397188489 0.6905118823051453 2
1744397188498 0.6893016695976257 3
1744397188508 0.6880618929862976 4
1744397188519 0.6868810653686523 5
1744397188529 0.6856820583343506 6
1744397188543 0.6842994689941406 7
1744397188553 0.6830475330352783 8
1744397188563 0.6816307902336121 9
1744397188574 0.6806890964508057 10
1744397188588 0.6786323189735413 11
1744397188598 0.6772732734680176 12
1744397188608 0.6755143404006958 13
1744397188619 0.6738607883453369 14
1744397188630 0.672375500202179 15
