1744397188463 0.5329949259757996 0
1744397188473 0.5736040472984314 1
1744397188484 0.5634517669677734 2
1744397188493 0.5736040472984314 3
1744397188503 0.5786802172660828 4
1744397188514 0.5685279369354248 5
1744397188524 0.5685279369354248 6
1744397188534 0.5685279369354248 7
1744397188548 0.5685279369354248 8
1744397188558 0.5583756566047668 9
1744397188568 0.5583756566047668 10
1744397188582 0.5736040472984314 11
1744397188593 0.5736040472984314 12
1744397188603 0.5837563276290894 13
1744397188614 0.5888324975967407 14
1744397188624 0.5888324975967407 15
