1744712553782 0.4517766535282135 0
1744712553796 0.4568527936935425 1
1744712553810 0.44162437319755554 2
1744712553822 0.4517766535282135 3
1744712553833 0.46192893385887146 4
1744712553846 0.49238577485084534 5
1744712553857 0.5177664756774902 6
1744712553868 0.5634517669677734 7
1744712553880 0.5279187560081482 8
1744712553891 0.5329949259757996 9
1744712553903 0.5431472063064575 10
1744712553915 0.5736040472984314 11
1744712553926 0.5583756566047668 12
1744712553938 0.5736040472984314 13
1744712553950 0.5532994866371155 14
1744712553962 0.5989847779273987 15
1744712553973 0.5634517669677734 16
1744712553985 0.5482233762741089 17
1744712553996 0.5583756566047668 18
1744712554008 0.5837563276290894 19
1744712554019 0.5482233762741089 20
1744712554031 0.5786802172660828 21
1744712554042 0.5736040472984314 22
1744712554053 0.5736040472984314 23
1744712554064 0.5786802172660828 24
1744712554076 0.5837563276290894 25
1744712554087 0.5888324975967407 26
1744712554099 0.5583756566047668 27
1744712554110 0.5736040472984314 28
1744712554121 0.5532994866371155 29
