1744882484354 0.692731499671936 0
1744882484372 0.6913333535194397 1
1744882484389 0.6904430389404297 2
1744882484407 0.6888918280601501 3
1744882484422 0.6881822347640991 4
1744882484435 0.6877588033676147 5
1744882484449 0.6860987544059753 6
1744882484463 0.6858137845993042 7
1744882484476 0.6853159070014954 8
1744882484489 0.6838451027870178 9
1744882484503 0.6829849481582642 10
1744882484516 0.6811883449554443 11
1744882484529 0.6785750985145569 12
1744882484542 0.6761849522590637 13
1744882484555 0.6734663248062134 14
1744882484568 0.6735671162605286 15
1744882484581 0.6728000640869141 16
1744882484594 0.6684660911560059 17
1744882484607 0.6698369979858398 18
1744882484620 0.6689609289169312 19
1744882484633 0.6651068329811096 20
1744882484646 0.6645885705947876 21
1744882484660 0.6580310463905334 22
1744882484673 0.6619508266448975 23
1744882484686 0.6603800058364868 24
1744882484699 0.6635541319847107 25
1744882484712 0.6626814603805542 26
1744882484725 0.6575565338134766 27
1744882484737 0.653596043586731 28
1744882484750 0.6590995788574219 29
