1744882484343 0.5228426456451416 0
1744882484363 0.5634517669677734 1
1744882484380 0.5634517669677734 2
1744882484398 0.5685279369354248 3
1744882484415 0.5685279369354248 4
1744882484429 0.5634517669677734 5
1744882484441 0.5736040472984314 6
1744882484456 0.5786802172660828 7
1744882484469 0.5736040472984314 8
1744882484482 0.5786802172660828 9
1744882484496 0.5736040472984314 10
1744882484510 0.5736040472984314 11
1744882484523 0.5634517669677734 12
1744882484535 0.5685279369354248 13
1744882484548 0.5786802172660828 14
1744882484561 0.5888324975967407 15
1744882484574 0.5989847779273987 16
1744882484587 0.5939086079597473 17
1744882484600 0.5939086079597473 18
1744882484613 0.5786802172660828 19
1744882484626 0.624365508556366 20
1744882484640 0.5939086079597473 21
1744882484653 0.6040608882904053 22
1744882484666 0.6091370582580566 23
1744882484679 0.624365508556366 24
1744882484693 0.5939086079597473 25
1744882484706 0.6142131686210632 26
1744882484718 0.624365508556366 27
1744882484731 0.6192893385887146 28
1744882484744 0.6294416189193726 29
