1744279491736 0.7067999839782715 0
1744279491748 0.6921005249023438 1
1744279491758 0.6786594986915588 2
1744279491769 0.6814258098602295 3
1744279491778 0.67635577917099 4
1744279491789 0.6802614331245422 5
1744279491799 0.6764254570007324 6
1744279491813 0.6845397353172302 7
1744279491824 0.6824981570243835 8
1744279491836 0.6927309632301331 9
1744279491847 0.6818301677703857 10
1744279491857 0.6685631275177002 11
1744279491868 0.6778020262718201 12
1744279491879 0.6738815307617188 13
1744279491895 0.6788564920425415 14
1744279491907 0.6819292902946472 15
1744279491920 0.6695197224617004 16
1744279491932 0.6767417788505554 17
1744279491946 0.6785922050476074 18
1744279491958 0.6670442819595337 19
1744279491970 0.6696983575820923 20
1744279491984 0.6883800029754639 21
