1744279491728 0.5357142686843872 0
1744279491742 0.5663265585899353 1
1744279491753 0.5306122303009033 2
1744279491763 0.5510203838348389 3
1744279491774 0.5969387888908386 4
1744279491784 0.5561224222183228 5
1744279491794 0.5969387888908386 6
1744279491805 0.6020408272743225 7
1744279491819 0.5306122303009033 8
1744279491830 0.5561224222183228 9
1744279491841 0.581632673740387 10
1744279491852 0.6071428656578064 11
1744279491862 0.5867347121238708 12
1744279491874 0.5408163070678711 13
1744279491888 0.5612244606018066 14
1744279491901 0.5714285969734192 15
1744279491914 0.581632673740387 16
1744279491926 0.5408163070678711 17
1744279491937 0.581632673740387 18
1744279491952 0.5714285969734192 19
1744279491964 0.545918345451355 20
1744279491978 0.5204081535339355 21
