1744396785185 0.6935981512069702 0
1744396785197 0.6931453943252563 1
1744396785206 0.6930391788482666 2
1744396785218 0.6938043832778931 3
1744396785231 0.6935980319976807 4
1744396785245 0.6924606561660767 5
1744396785263 0.6929782629013062 6
1744396785277 0.6922993659973145 7
1744396785291 0.6925348043441772 8
1744396785305 0.6922116279602051 9
1744396785319 0.6921311020851135 10
1744396785334 0.6921350955963135 11
1744396785346 0.6920073628425598 12
1744396785357 0.6920223832130432 13
1744396785368 0.6914708614349365 14
