1744712922434 0.36548224091529846 0
1744712922449 0.46192893385887146 1
1744712922464 0.5888324975967407 2
1744712922477 0.5837563276290894 3
1744712922493 0.5685279369354248 4
1744712922510 0.5685279369354248 5
1744712922524 0.5380710363388062 6
1744712922539 0.5431472063064575 7
1744712922557 0.5431472063064575 8
1744712922572 0.5634517669677734 9
1744712922585 0.5634517669677734 10
1744712922598 0.5583756566047668 11
1744712922612 0.5685279369354248 12
1744712922625 0.5736040472984314 13
1744712922639 0.5888324975967407 14
1744712922652 0.5685279369354248 15
1744712922664 0.5634517669677734 16
1744712922680 0.5634517669677734 17
1744712922694 0.5685279369354248 18
1744712922707 0.5685279369354248 19
1744712922720 0.5736040472984314 20
1744712922734 0.5786802172660828 21
1744712922746 0.5786802172660828 22
1744712922759 0.5837563276290894 23
1744712922771 0.5837563276290894 24
1744712922783 0.5786802172660828 25
1744712922798 0.5786802172660828 26
1744712922814 0.5837563276290894 27
1744712922828 0.5837563276290894 28
1744712922843 0.5837563276290894 29
