1744712922442 0.6938844323158264 0
1744712922457 0.693584144115448 1
1744712922471 0.6933146119117737 2
1744712922484 0.6930771470069885 3
1744712922500 0.6928160786628723 4
1744712922516 0.6925594806671143 5
1744712922531 0.692375123500824 6
1744712922545 0.6921268701553345 7
1744712922564 0.6919333338737488 8
1744712922579 0.6916506290435791 9
1744712922592 0.691342294216156 10
1744712922606 0.6910659670829773 11
1744712922618 0.6908259391784668 12
1744712922633 0.6906514167785645 13
1744712922645 0.6903539299964905 14
1744712922658 0.689994752407074 15
1744712922672 0.6896839141845703 16
1744712922687 0.6894044280052185 17
1744712922700 0.6890305876731873 18
1744712922714 0.6887964606285095 19
1744712922727 0.6885186433792114 20
1744712922740 0.688273549079895 21
1744712922752 0.6879808306694031 22
1744712922765 0.6877170205116272 23
1744712922777 0.6874055862426758 24
1744712922791 0.6871722936630249 25
1744712922806 0.6869620084762573 26
1744712922821 0.6867766380310059 27
1744712922836 0.6865388751029968 28
1744712922850 0.6862939596176147 29
