1744886375936 0.5510203838348389 0
1744886375947 0.5765306353569031 1
1744886375956 0.581632673740387 2
1744886375967 0.6020408272743225 3
1744886375976 0.5765306353569031 4
1744886375985 0.6071428656578064 5
1744886375994 0.5918367505073547 6
1744886376003 0.5867347121238708 7
1744886376012 0.5918367505073547 8
1744886376020 0.6020408272743225 9
1744886376028 0.6122449040412903 10
1744886376036 0.5918367505073547 11
1744886376044 0.5918367505073547 12
1744886376052 0.6020408272743225 13
1744886376061 0.5918367505073547 14
1744886376070 0.6020408272743225 15
1744886376079 0.5918367505073547 16
1744886376087 0.5918367505073547 17
1744886376095 0.5867347121238708 18
