1744400640624 0.453125 0
1744400640639 0.4479166567325592 1
1744400640664 0.4895833432674408 2
1744400640678 0.4947916567325592 3
1744400640691 0.546875 4
1744400640705 0.5416666865348816 5
1744400640718 0.5625 6
1744400640729 0.59375 7
1744400640742 0.6041666865348816 8
1744400640755 0.6041666865348816 9
1744400640769 0.6197916865348816 10
1744400640792 0.6197916865348816 11
1744400640804 0.609375 12
1744400640815 0.6041666865348816 13
1744400640833 0.6302083134651184 14
1744400640847 0.6302083134651184 15
1744400640860 0.6041666865348816 16
