1743762767317 0.6616421937942505 0
1743762767328 0.6608071327209473 1
1743762767340 0.66019606590271 2
1743762767351 0.6592810750007629 3
1743762767362 0.6589110493659973 4
1743762767373 0.6581801772117615 5
1743762767389 0.6576216220855713 6
1743762767405 0.6571431159973145 7
1743762767417 0.6565386652946472 8
1743762767428 0.655911386013031 9
1743762767439 0.655326247215271 10
1743762767451 0.6548337936401367 11
1743762767467 0.6541978716850281 12
1743762767479 0.6536689400672913 13
1743762767490 0.653043806552887 14
1743762767502 0.6526021361351013 15
1743762767515 0.6518903970718384 16
1743762767526 0.6513277292251587 17
1743762767537 0.6507384777069092 18
