1743762767310 0.6086956262588501 0
1743762767323 0.6086956262588501 1
1743762767333 0.6086956262588501 2
1743762767346 0.6086956262588501 3
1743762767357 0.6086956262588501 4
1743762767367 0.6086956262588501 5
1743762767382 0.6521739363670349 6
1743762767398 0.6521739363670349 7
1743762767411 0.6521739363670349 8
1743762767423 0.6521739363670349 9
1743762767434 0.6521739363670349 10
1743762767446 0.6521739363670349 11
1743762767460 0.6521739363670349 12
1743762767473 0.6521739363670349 13
1743762767485 0.6521739363670349 14
1743762767496 0.6086956262588501 15
1743762767509 0.6086956262588501 16
1743762767520 0.6086956262588501 17
1743762767531 0.6086956262588501 18
