1744279544534 0.7078112363815308 0
1744279544546 0.685142993927002 1
1744279544557 0.6824352741241455 2
1744279544568 0.6917698979377747 3
1744279544585 0.6825816631317139 4
1744279544599 0.6828287243843079 5
1744279544616 0.6875824928283691 6
1744279544635 0.6831285357475281 7
1744279544647 0.6784514784812927 8
1744279544661 0.6709814071655273 9
1744279544676 0.6860440373420715 10
1744279544689 0.6783932447433472 11
1744279544708 0.6729321479797363 12
1744279544722 0.6804895401000977 13
1744279544736 0.6707937121391296 14
