1744886504086 0.3979591727256775 0
1744886504105 0.40816327929496765 1
1744886504120 0.4030612111091614 2
1744886504132 0.4183673560619354 3
1744886504144 0.44387754797935486 4
1744886504156 0.4642857015132904 5
1744886504166 0.5 6
1744886504177 0.5102040767669678 7
1744886504186 0.5204081535339355 8
1744886504194 0.5306122303009033 9
1744886504203 0.5561224222183228 10
1744886504212 0.5612244606018066 11
1744886504220 0.5867347121238708 12
1744886504228 0.5918367505073547 13
1744886504236 0.5918367505073547 14
1744886504244 0.5867347121238708 15
1744886504252 0.5867347121238708 16
1744886504262 0.5867347121238708 17
1744886504270 0.5867347121238708 18
1744886504278 0.5867347121238708 19
1744886504287 0.5867347121238708 20
1744886504296 0.5867347121238708 21
1744886504309 0.5867347121238708 22
1744886504323 0.5867347121238708 23
1744886504334 0.5918367505073547 24
1744886504344 0.5918367505073547 25
1744886504355 0.5918367505073547 26
1744886504366 0.5918367505073547 27
1744886504376 0.5918367505073547 28
1744886504388 0.5918367505073547 29
