1744282198908 0.695493757724762 0
1744282198918 0.6899905204772949 1
1744282198928 0.6853342652320862 2
1744282198938 0.690193235874176 3
1744282198947 0.6962352395057678 4
1744282198957 0.6859480142593384 5
1744282198967 0.6926864385604858 6
1744282198976 0.6845034956932068 7
1744282198986 0.6934576034545898 8
1744282198995 0.6952099800109863 9
1744282199005 0.6912373900413513 10
1744282199015 0.6964151859283447 11
1744282199025 0.6874125003814697 12
1744282199036 0.6911243796348572 13
1744282199046 0.6855230331420898 14
1744282199055 0.6898741722106934 15
1744282199066 0.6822945475578308 16
