1744282198903 0.5510203838348389 0
1744282198913 0.5612244606018066 1
1744282198923 0.581632673740387 2
1744282198933 0.5612244606018066 3
1744282198943 0.5 4
1744282198952 0.5663265585899353 5
1744282198962 0.5153061151504517 6
1744282198971 0.581632673740387 7
1744282198981 0.5255101919174194 8
1744282198991 0.5408163070678711 9
1744282199000 0.545918345451355 10
1744282199010 0.545918345451355 11
1744282199020 0.5612244606018066 12
1744282199030 0.581632673740387 13
1744282199041 0.545918345451355 14
1744282199051 0.5510203838348389 15
1744282199061 0.581632673740387 16
