1744886655314 0.691709041595459 0
1744886655324 0.6881167888641357 1
1744886655332 0.6853699684143066 2
1744886655341 0.6816734075546265 3
1744886655350 0.6779477596282959 4
1744886655358 0.6731537580490112 5
1744886655366 0.6693611145019531 6
1744886655375 0.6646285057067871 7
1744886655383 0.6615529656410217 8
1744886655392 0.6591161489486694 9
1744886655400 0.6581024527549744 10
1744886655408 0.6560770869255066 11
1744886655417 0.6552718281745911 12
1744886655427 0.6538689136505127 13
1744886655435 0.6538352370262146 14
1744886655443 0.6516858339309692 15
1744886655452 0.650687575340271 16
1744886655460 0.6503238081932068 17
1744886655470 0.6493865847587585 18
1744886655479 0.6492716670036316 19
1744886655492 0.6483325362205505 20
