1744279194892 0.7133232951164246 0
1744279194907 0.7030502557754517 1
1744279194927 0.6968650221824646 2
1744279194942 0.6930671334266663 3
1744279194956 0.688716471195221 4
1744279194993 0.6853993535041809 5
1744279195008 0.6828308701515198 6
1744279195021 0.6804951429367065 7
1744279195034 0.6789070963859558 8
1744279195053 0.6769786477088928 9
1744279195067 0.6753776669502258 10
1744279195079 0.6740531325340271 11
1744279195092 0.6728385090827942 12
1744279195108 0.671815037727356 13
1744279195121 0.6708699464797974 14
1744279195133 0.6700590252876282 15
1744279195146 0.6688354015350342 16
1744279195162 0.6689336895942688 17
1744279195177 0.6672981977462769 18
1744279195193 0.6667936444282532 19
1744279195209 0.666053056716919 20
1744279195227 0.66555255651474 21
1744279195263 0.6649190783500671 22
1744279195279 0.664490818977356 23
1744279195294 0.6642085313796997 24
