1744279194884 0.44897958636283875 0
1744279194899 0.48469388484954834 1
1744279194915 0.5204081535339355 2
1744279194934 0.5408163070678711 3
1744279194949 0.5510203838348389 4
1744279194963 0.5612244606018066 5
1744279195001 0.5612244606018066 6
1744279195015 0.5714285969734192 7
1744279195027 0.581632673740387 8
1744279195046 0.5867347121238708 9
1744279195060 0.5918367505073547 10
1744279195073 0.5969387888908386 11
1744279195086 0.6020408272743225 12
1744279195101 0.5969387888908386 13
1744279195114 0.6020408272743225 14
1744279195127 0.5969387888908386 15
1744279195140 0.5969387888908386 16
1744279195153 0.5918367505073547 17
1744279195170 0.6071428656578064 18
1744279195185 0.6122449040412903 19
1744279195201 0.6071428656578064 20
1744279195216 0.6071428656578064 21
1744279195235 0.6122449040412903 22
1744279195272 0.6122449040412903 23
1744279195287 0.6122449040412903 24
