1744886558053 0.5102040767669678 0
1744886558063 0.4948979616165161 1
1744886558081 0.5357142686843872 2
1744886558090 0.5102040767669678 3
1744886558098 0.5408163070678711 4
1744886558108 0.5663265585899353 5
1744886558118 0.6224489808082581 6
1744886558126 0.5765306353569031 7
1744886558136 0.5867347121238708 8
1744886558145 0.5561224222183228 9
1744886558154 0.5714285969734192 10
1744886558162 0.545918345451355 11
1744886558171 0.5918367505073547 12
1744886558179 0.5918367505073547 13
1744886558187 0.5918367505073547 14
1744886558195 0.6071428656578064 15
1744886558204 0.5612244606018066 16
1744886558213 0.581632673740387 17
1744886558223 0.581632673740387 18
