1744886558058 0.6929295063018799 0
1744886558075 0.6922085881233215 1
1744886558086 0.6922029256820679 2
1744886558094 0.6936830282211304 3
1744886558103 0.6921011209487915 4
1744886558113 0.6910474300384521 5
1744886558122 0.6897681355476379 6
1744886558131 0.6900964975357056 7
1744886558141 0.6902318596839905 8
1744886558150 0.6887835264205933 9
1744886558158 0.6911252737045288 10
1744886558167 0.6889734864234924 11
1744886558174 0.6889002919197083 12
1744886558183 0.6901419758796692 13
1744886558191 0.6891388893127441 14
1744886558199 0.6873756647109985 15
1744886558209 0.6887887716293335 16
1744886558218 0.6875410079956055 17
1744886558227 0.6875630021095276 18
