1743763471393 0.6730140447616577 0
1743763471403 0.6616123914718628 1
1743763471412 0.6543331146240234 2
1743763471421 0.6450638771057129 3
1743763471431 0.6381179094314575 4
1743763471446 0.6315411925315857 5
1743763471459 0.6253727674484253 6
1743763471468 0.6185751557350159 7
1743763471477 0.615980327129364 8
1743763471486 0.6093208193778992 9
1743763471495 0.6049374938011169 10
1743763471504 0.6003798842430115 11
1743763471514 0.5986217260360718 12
1743763471523 0.5938715934753418 13
1743763471531 0.5909377932548523 14
1743763471541 0.587287425994873 15
1743763471550 0.5842273831367493 16
1743763471558 0.5820291638374329 17
1743763471568 0.5788857340812683 18
1743763471578 0.5756253004074097 19
