1744881577234 0.6937203407287598 0
1744881577248 0.6937045454978943 1
1744881577259 0.693390965461731 2
1744881577272 0.6934391260147095 3
1744881577287 0.6928710341453552 4
1744881577300 0.6925565600395203 5
1744881577313 0.692451536655426 6
1744881577325 0.6930858492851257 7
1744881577338 0.6930086016654968 8
1744881577350 0.6925027370452881 9
1744881577362 0.6923992037773132 10
1744881577375 0.6923989057540894 11
1744881577387 0.692501425743103 12
1744881577400 0.6923064589500427 13
1744881577412 0.6923190951347351 14
1744881577425 0.6916232705116272 15
1744881577437 0.6922831535339355 16
1744881577449 0.691731870174408 17
1744881577462 0.6913539171218872 18
1744881577474 0.6914830803871155 19
1744881577486 0.691796600818634 20
1744881577499 0.6915910840034485 21
1744881577511 0.691168487071991 22
1744881577524 0.691080629825592 23
1744881577536 0.6909722089767456 24
1744881577549 0.6903340816497803 25
1744881577561 0.691160261631012 26
1744881577573 0.6908677816390991 27
1744881577585 0.6906464099884033 28
1744881577598 0.6901442408561707 29
