1744881577228 0.4720812141895294 0
1744881577242 0.4771573543548584 1
1744881577253 0.5228426456451416 2
1744881577265 0.5025380849838257 3
1744881577278 0.5329949259757996 4
1744881577294 0.5532994866371155 5
1744881577307 0.5736040472984314 6
1744881577319 0.4974619150161743 7
1744881577332 0.5177664756774902 8
1744881577344 0.5532994866371155 9
1744881577356 0.5532994866371155 10
1744881577369 0.6040608882904053 11
1744881577381 0.5583756566047668 12
1744881577393 0.5634517669677734 13
1744881577406 0.5329949259757996 14
1744881577419 0.5685279369354248 15
1744881577431 0.5532994866371155 16
1744881577443 0.5736040472984314 17
1744881577456 0.5634517669677734 18
1744881577468 0.5634517669677734 19
1744881577481 0.5634517669677734 20
1744881577493 0.5685279369354248 21
1744881577505 0.5532994866371155 22
1744881577517 0.5685279369354248 23
1744881577530 0.5685279369354248 24
1744881577542 0.5736040472984314 25
1744881577555 0.5634517669677734 26
1744881577567 0.5685279369354248 27
1744881577579 0.5837563276290894 28
1744881577592 0.5786802172660828 29
