1744712310728 0.46700507402420044 0
1744712310745 0.4720812141895294 1
1744712310771 0.4822334945201874 2
1744712310787 0.49238577485084534 3
1744712310804 0.5126903653144836 4
1744712310821 0.5228426456451416 5
1744712310833 0.5634517669677734 6
1744712310843 0.5380710363388062 7
1744712310856 0.5482233762741089 8
1744712310865 0.5431472063064575 9
1744712310875 0.5888324975967407 10
1744712310889 0.5329949259757996 11
1744712310909 0.5634517669677734 12
1744712310927 0.5736040472984314 13
1744712310942 0.5685279369354248 14
1744712310958 0.5736040472984314 15
1744712310975 0.5634517669677734 16
1744712310986 0.5634517669677734 17
1744712311003 0.5888324975967407 18
1744712311021 0.5685279369354248 19
1744712311036 0.5685279369354248 20
