1744712310737 0.6941357254981995 0
1744712310765 0.6934224367141724 1
1744712310780 0.6939756870269775 2
1744712310797 0.6935606002807617 3
1744712310815 0.6929232478141785 4
1744712310827 0.6932675242424011 5
1744712310838 0.6922964453697205 6
1744712310847 0.6927477717399597 7
1744712310860 0.6923607587814331 8
1744712310869 0.6929218769073486 9
1744712310881 0.6922969222068787 10
1744712310897 0.692597508430481 11
1744712310918 0.6920535564422607 12
1744712310934 0.6917663216590881 13
1744712310949 0.6921169757843018 14
1744712310967 0.6922036409378052 15
1744712310980 0.6920067071914673 16
1744712310991 0.6921751499176025 17
1744712311014 0.6911978721618652 18
1744712311028 0.6913692951202393 19
1744712311043 0.6915522813796997 20
