1744367378436 0.49238577485084534 0
1744367378452 0.5380710363388062 1
1744367378482 0.5228426456451416 2
1744367378499 0.5329949259757996 3
1744367378515 0.5076141953468323 4
1744367378530 0.5431472063064575 5
1744367378542 0.5583756566047668 6
1744367378555 0.5431472063064575 7
1744367378569 0.6294416189193726 8
1744367378584 0.5685279369354248 9
1744367378598 0.5786802172660828 10
1744367378614 0.6040608882904053 11
1744367378629 0.6040608882904053 12
1744367378643 0.5786802172660828 13
1744367378657 0.5685279369354248 14
1744367378670 0.5634517669677734 15
1744367378683 0.5736040472984314 16
1744367378698 0.6345177888870239 17
1744367378712 0.6395938992500305 18
1744367378724 0.6192893385887146 19
1744367378736 0.6040608882904053 20
1744367378747 0.6142131686210632 21
1744367378759 0.6446700692176819 22
