1744367378445 0.7014968991279602 0
1744367378463 0.6864818334579468 1
1744367378491 0.6921147108078003 2
1744367378506 0.6867853999137878 3
1744367378522 0.6907457709312439 4
1744367378536 0.6820387244224548 5
1744367378549 0.6875229477882385 6
1744367378561 0.6902550458908081 7
1744367378576 0.671565592288971 8
1744367378591 0.6831905841827393 9
1744367378607 0.6832727193832397 10
1744367378622 0.6709741950035095 11
1744367378636 0.6797871589660645 12
1744367378650 0.6858178973197937 13
1744367378663 0.6796212792396545 14
1744367378676 0.6839661002159119 15
1744367378692 0.6778658032417297 16
1744367378705 0.669151246547699 17
1744367378718 0.6638925671577454 18
1744367378730 0.6763876676559448 19
1744367378741 0.6657679080963135 20
1744367378753 0.6654225587844849 21
1744367378764 0.671488344669342 22
