1744712833697 0.5736040472984314 0
1744712833711 0.5685279369354248 1
1744712833724 0.5685279369354248 2
1744712833746 0.5685279369354248 3
1744712833760 0.5685279369354248 4
1744712833773 0.5786802172660828 5
1744712833785 0.5786802172660828 6
1744712833799 0.5837563276290894 7
1744712833824 0.5837563276290894 8
1744712833839 0.5837563276290894 9
1744712833858 0.5837563276290894 10
1744712833871 0.5837563276290894 11
1744712833887 0.5837563276290894 12
1744712833900 0.5685279369354248 13
1744712833914 0.5634517669677734 14
1744712833927 0.5685279369354248 15
1744712833939 0.5685279369354248 16
1744712833953 0.5736040472984314 17
1744712833967 0.5736040472984314 18
1744712833980 0.5736040472984314 19
