1744886513363 0.6916086673736572 0
1744886513384 0.6897651553153992 1
1744886513397 0.6868577003479004 2
1744886513408 0.6863595843315125 3
1744886513419 0.6845152974128723 4
1744886513428 0.6813527941703796 5
1744886513442 0.679518461227417 6
1744886513454 0.6781433820724487 7
1744886513464 0.6744096875190735 8
1744886513475 0.6733518242835999 9
1744886513487 0.6668780446052551 10
1744886513495 0.668182909488678 11
1744886513502 0.6666381359100342 12
1744886513510 0.6625046730041504 13
1744886513517 0.6604684591293335 14
1744886513525 0.6611473560333252 15
1744886513533 0.6571959853172302 16
1744886513542 0.6585891842842102 17
1744886513550 0.6541147828102112 18
1744886513559 0.654013991355896 19
1744886513567 0.6562331914901733 20
1744886513575 0.654384195804596 21
1744886513583 0.6528043746948242 22
1744886513592 0.6510645151138306 23
1744886513600 0.6506273150444031 24
1744886513611 0.6523571610450745 25
1744886513625 0.6489960551261902 26
1744886513633 0.6486486196517944 27
1744886513649 0.6518411636352539 28
1744886513657 0.6487557888031006 29
