1744886513358 0.5255101919174194 0
1744886513374 0.5561224222183228 1
1744886513391 0.6173469424247742 2
1744886513403 0.5510203838348389 3
1744886513414 0.581632673740387 4
1744886513424 0.6020408272743225 5
1744886513436 0.5918367505073547 6
1744886513448 0.5969387888908386 7
1744886513459 0.5867347121238708 8
1744886513470 0.5918367505073547 9
1744886513481 0.5867347121238708 10
1744886513491 0.6020408272743225 11
1744886513498 0.6071428656578064 12
1744886513506 0.6071428656578064 13
1744886513514 0.6173469424247742 14
1744886513521 0.6020408272743225 15
1744886513529 0.5969387888908386 16
1744886513537 0.6122449040412903 17
1744886513546 0.5918367505073547 18
1744886513554 0.5918367505073547 19
1744886513563 0.5969387888908386 20
1744886513571 0.6224489808082581 21
1744886513579 0.6173469424247742 22
1744886513587 0.5969387888908386 23
1744886513596 0.6173469424247742 24
1744886513606 0.6173469424247742 25
1744886513621 0.6224489808082581 26
1744886513629 0.6275510191917419 27
1744886513637 0.6275510191917419 28
1744886513653 0.6275510191917419 29
