1744886686719 0.5306122303009033 0
1744886686741 0.5918367505073547 1
1744886686757 0.6122449040412903 2
1744886686770 0.5867347121238708 3
1744886686781 0.6122449040412903 4
1744886686790 0.6071428656578064 5
1744886686798 0.5969387888908386 6
1744886686806 0.6173469424247742 7
1744886686814 0.6173469424247742 8
1744886686822 0.6071428656578064 9
1744886686831 0.6173469424247742 10
1744886686839 0.6122449040412903 11
1744886686847 0.6275510191917419 12
1744886686855 0.6173469424247742 13
1744886686864 0.6071428656578064 14
1744886686877 0.5969387888908386 15
1744886686886 0.6071428656578064 16
1744886686893 0.6122449040412903 17
1744886686904 0.5969387888908386 18
