1744886686732 0.6923133730888367 0
1744886686748 0.688862144947052 1
1744886686762 0.6874521374702454 2
1744886686775 0.6845133900642395 3
1744886686785 0.6810747981071472 4
1744886686794 0.6793849468231201 5
1744886686802 0.675462543964386 6
1744886686809 0.673027753829956 7
1744886686818 0.6691420674324036 8
1744886686826 0.6655741333961487 9
1744886686835 0.6622097492218018 10
1744886686843 0.6603910326957703 11
1744886686851 0.659376859664917 12
1744886686860 0.6589746475219727 13
1744886686869 0.6602686047554016 14
1744886686881 0.6572694778442383 15
1744886686890 0.6531252861022949 16
1744886686898 0.6553563475608826 17
1744886686909 0.6523740887641907 18
