1745402930734 0.6934415102005005 0
1745402930792 0.6932182312011719 1
1745402930850 0.6929722428321838 2
1745402930908 0.6927460432052612 3
1745402930966 0.6924852728843689 4
1745402931023 0.6922160387039185 5
1745402931080 0.6919754147529602 6
1745402931137 0.6917505264282227 7
1745402931195 0.691558301448822 8
1745402931255 0.6912875771522522 9
1745402931313 0.6910682916641235 10
1745402931372 0.6908707618713379 11
1745402931430 0.6906587481498718 12
1745402931488 0.6904364824295044 13
1745402931547 0.6901688575744629 14
1745402931605 0.6899268627166748 15
1745402931663 0.6896721124649048 16
1745402931721 0.6894752383232117 17
1745402931782 0.6892170906066895 18
1745402931839 0.6889885067939758 19
1745402931904 0.6887446045875549 20
1745402931965 0.6885017156600952 21
1745402932026 0.688264787197113 22
1745402932085 0.6879768967628479 23
1745402932142 0.6876744031906128 24
1745402932199 0.687365710735321 25
1745402932256 0.687064528465271 26
