1745402930705 0.5051020383834839 0
1745402930763 0.5051020383834839 1
1745402930822 0.5051020383834839 2
1745402930879 0.5102040767669678 3
1745402930937 0.5306122303009033 4
1745402930994 0.5255101919174194 5
1745402931051 0.5153061151504517 6
1745402931108 0.5 7
1745402931166 0.5357142686843872 8
1745402931226 0.5714285969734192 9
1745402931284 0.5765306353569031 10
1745402931342 0.5918367505073547 11
1745402931400 0.5918367505073547 12
1745402931459 0.5969387888908386 13
1745402931517 0.5918367505073547 14
1745402931575 0.581632673740387 15
1745402931633 0.5867347121238708 16
1745402931692 0.581632673740387 17
1745402931752 0.581632673740387 18
1745402931810 0.581632673740387 19
1745402931872 0.581632673740387 20
1745402931935 0.5867347121238708 21
1745402931996 0.5969387888908386 22
1745402932055 0.5918367505073547 23
1745402932113 0.5867347121238708 24
1745402932171 0.5867347121238708 25
1745402932227 0.5969387888908386 26
