1743763109812 0.52173912525177 0
1743763109823 0.5652173757553101 1
1743763109833 0.5652173757553101 2
1743763109843 0.6086956262588501 3
1743763109854 0.739130437374115 4
1743763109865 0.695652186870575 5
1743763109874 0.695652186870575 6
1743763109884 0.6521739363670349 7
1743763109894 0.6521739363670349 8
1743763109904 0.6521739363670349 9
1743763109914 0.6521739363670349 10
1743763109925 0.6521739363670349 11
1743763109935 0.695652186870575 12
1743763109944 0.695652186870575 13
1743763109955 0.695652186870575 14
1743763109966 0.695652186870575 15
1743763109975 0.695652186870575 16
1743763109986 0.695652186870575 17
1743763109997 0.695652186870575 18
1743763110008 0.695652186870575 19
1743763110017 0.695652186870575 20
1743763110029 0.695652186870575 21
