1744282463416 0.4693877696990967 0
1744282463427 0.5 1
1744282463437 0.5357142686843872 2
1744282463446 0.545918345451355 3
1744282463456 0.545918345451355 4
1744282463466 0.5408163070678711 5
1744282463475 0.5408163070678711 6
1744282463485 0.5714285969734192 7
1744282463494 0.5561224222183228 8
1744282463548 0.5510203838348389 9
1744282463559 0.5510203838348389 10
1744282463570 0.545918345451355 11
1744282463582 0.5408163070678711 12
1744282463592 0.5408163070678711 13
1744282463602 0.545918345451355 14
1744282463613 0.5510203838348389 15
1744282463624 0.545918345451355 16
1744282463635 0.5357142686843872 17
1744282463645 0.5408163070678711 18
1744282463655 0.5510203838348389 19
1744282463666 0.5510203838348389 20
1744282463676 0.545918345451355 21
