1744282463421 0.7050211429595947 0
1744282463431 0.7004567384719849 1
1744282463441 0.6969629526138306 2
1744282463451 0.6947715282440186 3
1744282463461 0.6929157972335815 4
1744282463471 0.6903442740440369 5
1744282463480 0.6886910200119019 6
1744282463489 0.6864833235740662 7
1744282463535 0.6847467422485352 8
1744282463554 0.6835256814956665 9
1744282463564 0.682012140750885 10
1744282463576 0.681252121925354 11
1744282463587 0.6797373294830322 12
1744282463597 0.679267168045044 13
1744282463607 0.6775590777397156 14
1744282463618 0.6769722700119019 15
1744282463629 0.6761214733123779 16
1744282463640 0.6751072406768799 17
1744282463650 0.6738100051879883 18
1744282463661 0.6732669472694397 19
1744282463671 0.6723760366439819 20
1744282463682 0.6716331839561462 21
