1744881179655 0.5329949259757996 0
1744881179669 0.5888324975967407 1
1744881179682 0.5989847779273987 2
1744881179696 0.6142131686210632 3
1744881179709 0.6142131686210632 4
1744881179722 0.6142131686210632 5
1744881179737 0.6091370582580566 6
1744881179749 0.6091370582580566 7
1744881179761 0.6040608882904053 8
1744881179773 0.6040608882904053 9
1744881179784 0.6091370582580566 10
1744881179796 0.6040608882904053 11
1744881179812 0.6040608882904053 12
1744881179824 0.6040608882904053 13
1744881179838 0.6040608882904053 14
1744881179852 0.5939086079597473 15
1744881179865 0.5939086079597473 16
1744881179878 0.5989847779273987 17
1744881179891 0.5939086079597473 18
1744881179904 0.5888324975967407 19
1744881179917 0.5939086079597473 20
