1744881179663 0.6922805905342102 0
1744881179675 0.6912236213684082 1
1744881179690 0.6905050277709961 2
1744881179702 0.6895626187324524 3
1744881179715 0.6887302398681641 4
1744881179728 0.6879027485847473 5
1744881179743 0.6869531869888306 6
1744881179755 0.68608558177948 7
1744881179767 0.6847126483917236 8
1744881179779 0.683810293674469 9
1744881179790 0.6824531555175781 10
1744881179805 0.6813825368881226 11
1744881179818 0.6801573634147644 12
1744881179832 0.6790516376495361 13
1744881179845 0.6779876351356506 14
1744881179859 0.6770142912864685 15
1744881179872 0.6759809851646423 16
1744881179884 0.6755626201629639 17
1744881179897 0.6742993593215942 18
1744881179910 0.6738443970680237 19
1744881179923 0.6732715368270874 20
