1743763137614 0.7281220555305481 0
1743763137627 0.7160624861717224 1
1743763137639 0.7120013236999512 2
1743763137659 0.6889722347259521 3
1743763137672 0.715499222278595 4
1743763137684 0.7041358351707458 5
1743763137696 0.705457866191864 6
1743763137709 0.6891782283782959 7
1743763137720 0.7048157453536987 8
1743763137732 0.6721048951148987 9
1743763137753 0.6836168766021729 10
1743763137767 0.6681509017944336 11
1743763137779 0.6495428085327148 12
1743763137791 0.6303837299346924 13
1743763137803 0.639589250087738 14
