1743763137608 0.6086956262588501 0
1743763137621 0.6086956262588501 1
1743763137633 0.43478259444236755 2
1743763137652 0.6521739363670349 3
1743763137665 0.47826087474823 4
1743763137678 0.5652173757553101 5
1743763137690 0.6086956262588501 6
1743763137703 0.6086956262588501 7
1743763137715 0.6086956262588501 8
1743763137727 0.5652173757553101 9
1743763137738 0.52173912525177 10
1743763137761 0.6086956262588501 11
1743763137773 0.52173912525177 12
1743763137785 0.6521739363670349 13
1743763137797 0.6086956262588501 14
