1744886750739 0.4234693944454193 0
1744886750752 0.4183673560619354 1
1744886750763 0.4336734712123871 2
1744886750774 0.4591836631298065 3
1744886750785 0.4591836631298065 4
1744886750795 0.4693877696990967 5
1744886750805 0.48469388484954834 6
1744886750814 0.5 7
1744886750824 0.5204081535339355 8
1744886750832 0.5357142686843872 9
1744886750842 0.5408163070678711 10
1744886750851 0.5408163070678711 11
1744886750861 0.5510203838348389 12
1744886750870 0.5561224222183228 13
1744886750879 0.5510203838348389 14
1744886750890 0.5510203838348389 15
1744886750900 0.5561224222183228 16
1744886750909 0.5561224222183228 17
1744886750919 0.5663265585899353 18
1744886750928 0.5510203838348389 19
1744886750939 0.5765306353569031 20
1744886750947 0.581632673740387 21
1744886750957 0.581632673740387 22
1744886750966 0.581632673740387 23
1744886750975 0.581632673740387 24
1744886750985 0.581632673740387 25
1744886750994 0.581632673740387 26
1744886751003 0.581632673740387 27
1744886751012 0.5918367505073547 28
1744886751020 0.5918367505073547 29
