1744886750745 0.694974422454834 0
1744886750758 0.6946701407432556 1
1744886750770 0.6944445371627808 2
1744886750779 0.6941701173782349 3
1744886750790 0.6939703226089478 4
1744886750800 0.6938050985336304 5
1744886750810 0.6936485767364502 6
1744886750819 0.6934471726417542 7
1744886750828 0.6933032274246216 8
1744886750837 0.6931361556053162 9
1744886750846 0.6929280161857605 10
1744886750856 0.6927198171615601 11
1744886750865 0.6925042867660522 12
1744886750875 0.6923146843910217 13
1744886750885 0.6921169757843018 14
1744886750895 0.6919395327568054 15
1744886750905 0.6917315721511841 16
1744886750914 0.6915411949157715 17
1744886750924 0.6913306713104248 18
1744886750933 0.6911312937736511 19
1744886750943 0.6909434795379639 20
1744886750953 0.6907786726951599 21
1744886750961 0.690643846988678 22
1744886750971 0.6904429197311401 23
1744886750980 0.6902530193328857 24
1744886750989 0.6900905966758728 25
1744886750998 0.6898999810218811 26
1744886751008 0.6897388100624084 27
1744886751016 0.6895535588264465 28
1744886751024 0.6893894672393799 29
