1744886360180 0.4897959232330322 0
1744886360197 0.5408163070678711 1
1744886360209 0.5969387888908386 2
1744886360218 0.5765306353569031 3
1744886360229 0.5867347121238708 4
1744886360240 0.5765306353569031 5
1744886360251 0.5867347121238708 6
1744886360261 0.6020408272743225 7
1744886360271 0.5918367505073547 8
1744886360280 0.5918367505073547 9
1744886360299 0.581632673740387 10
1744886360308 0.5714285969734192 11
1744886360317 0.581632673740387 12
1744886360326 0.5918367505073547 13
1744886360335 0.5918367505073547 14
1744886360343 0.5867347121238708 15
1744886360352 0.6071428656578064 16
1744886360361 0.5918367505073547 17
1744886360369 0.581632673740387 18
1744886360378 0.6020408272743225 19
1744886360387 0.5918367505073547 20
1744886360396 0.5918367505073547 21
