1744282017308 0.5255101919174194 0
1744282017319 0.4642857015132904 1
1744282017330 0.5255101919174194 2
1744282017340 0.5612244606018066 3
1744282017350 0.5255101919174194 4
1744282017359 0.5306122303009033 5
1744282017369 0.5255101919174194 6
1744282017378 0.5612244606018066 7
1744282017388 0.5510203838348389 8
1744282017398 0.5612244606018066 9
1744282017407 0.5867347121238708 10
1744282017417 0.581632673740387 11
1744282017426 0.581632673740387 12
1744282017435 0.5714285969734192 13
1744282017444 0.5663265585899353 14
1744282017453 0.6122449040412903 15
