1744282017313 0.6950444579124451 0
1744282017324 0.7130652666091919 1
1744282017335 0.7026718854904175 2
1744282017345 0.6955058574676514 3
1744282017354 0.6983325481414795 4
1744282017364 0.6983359456062317 5
1744282017373 0.7008363604545593 6
1744282017383 0.6859098672866821 7
1744282017393 0.6881006360054016 8
1744282017403 0.6786655783653259 9
1744282017412 0.6868285536766052 10
1744282017422 0.6756116151809692 11
1744282017430 0.6898671984672546 12
1744282017440 0.6804514527320862 13
1744282017448 0.6863979697227478 14
1744282017458 0.6782195568084717 15
