1744881689195 0.5583756566047668 0
1744881689210 0.5685279369354248 1
1744881689225 0.5685279369354248 2
1744881689240 0.5786802172660828 3
1744881689254 0.5685279369354248 4
1744881689268 0.5837563276290894 5
1744881689282 0.6142131686210632 6
1744881689295 0.624365508556366 7
1744881689309 0.6192893385887146 8
1744881689323 0.6395938992500305 9
1744881689337 0.6395938992500305 10
1744881689351 0.6497461795806885 11
1744881689365 0.6598984599113464 12
1744881689379 0.6700507402420044 13
1744881689393 0.6903553009033203 14
1744881689407 0.6700507402420044 15
1744881689421 0.6649746298789978 16
1744881689435 0.6751269102096558 17
1744881689449 0.6598984599113464 18
