1744881689203 0.6923931837081909 0
1744881689218 0.6886228919029236 1
1744881689233 0.6847531795501709 2
1744881689247 0.6792742013931274 3
1744881689261 0.6751845479011536 4
1744881689275 0.6694285869598389 5
1744881689288 0.6684597134590149 6
1744881689302 0.6626914739608765 7
1744881689316 0.6593770980834961 8
1744881689330 0.6572454571723938 9
1744881689344 0.6496381759643555 10
1744881689358 0.6456553339958191 11
1744881689372 0.6428137421607971 12
1744881689387 0.6411744952201843 13
1744881689400 0.6347284317016602 14
1744881689414 0.6333547830581665 15
1744881689428 0.6293359398841858 16
1744881689442 0.6232771277427673 17
1744881689456 0.6281266212463379 18
