1744882412779 0.5685279369354248 0
1744882412794 0.5634517669677734 1
1744882412809 0.5634517669677734 2
1744882412826 0.5634517669677734 3
1744882412840 0.5634517669677734 4
1744882412854 0.5634517669677734 5
1744882412868 0.5634517669677734 6
1744882412882 0.5634517669677734 7
1744882412895 0.5634517669677734 8
1744882412909 0.5634517669677734 9
1744882412923 0.5634517669677734 10
1744882412937 0.5634517669677734 11
1744882412951 0.5634517669677734 12
1744882412965 0.5634517669677734 13
1744882412979 0.5634517669677734 14
1744882412992 0.5634517669677734 15
1744882413006 0.5634517669677734 16
1744882413021 0.5634517669677734 17
1744882413034 0.5634517669677734 18
