1744882412787 0.6915404200553894 0
1744882412801 0.6893600225448608 1
1744882412816 0.6852862238883972 2
1744882412833 0.6851646304130554 3
1744882412846 0.6838741302490234 4
1744882412862 0.6846593618392944 5
1744882412875 0.6818356513977051 6
1744882412889 0.6773003339767456 7
1744882412902 0.6785480380058289 8
1744882412916 0.6783801913261414 9
1744882412930 0.6711487174034119 10
1744882412944 0.6750725507736206 11
1744882412958 0.6739145517349243 12
1744882412972 0.6806498765945435 13
1744882412986 0.6750161647796631 14
1744882413000 0.676440954208374 15
1744882413014 0.6715096235275269 16
1744882413027 0.6716019511222839 17
1744882413041 0.6742188334465027 18
