1744886574385 0.6917279958724976 0
1744886574403 0.6891255974769592 1
1744886574413 0.6877100467681885 2
1744886574427 0.6857024431228638 3
1744886574440 0.6836029887199402 4
1744886574449 0.6815047860145569 5
1744886574461 0.6790527105331421 6
1744886574474 0.6766852736473083 7
1744886574485 0.674342155456543 8
1744886574494 0.6723389625549316 9
1744886574503 0.6705513596534729 10
1744886574512 0.6682159900665283 11
1744886574520 0.6667563915252686 12
1744886574530 0.6643655896186829 13
1744886574539 0.6628020405769348 14
1744886574549 0.66134113073349 15
1744886574557 0.659808337688446 16
1744886574567 0.658510148525238 17
1744886574577 0.6574808359146118 18
