1744368228622 0.6947130560874939 0
1744368228630 0.694527804851532 1
1744368228638 0.6943712830543518 2
1744368228647 0.6942432522773743 3
1744368228657 0.6941231489181519 4
1744368228666 0.6939806342124939 5
1744368228675 0.6938148736953735 6
1744368228683 0.6936622858047485 7
1744368228691 0.6935060620307922 8
1744368228699 0.6933690309524536 9
1744368228707 0.6932440996170044 10
1744368228714 0.6931018829345703 11
1744368228722 0.6929773688316345 12
1744368228730 0.6928883790969849 13
1744368228738 0.6927988529205322 14
1744368228746 0.6927089095115662 15
1744368228754 0.6926250457763672 16
1744368228761 0.6925227642059326 17
1744368228769 0.6924400329589844 18
1744368228777 0.6923315525054932 19
1744368228785 0.6922380328178406 20
1744368228793 0.6920949816703796 21
1744368228801 0.6919867992401123 22
1744368228808 0.6919012069702148 23
1744368228816 0.6917747259140015 24
1744368228824 0.6916881203651428 25
1744368228831 0.691580593585968 26
