1744368228617 0.4314720928668976 0
1744368228626 0.43654823303222656 1
1744368228634 0.46192893385887146 2
1744368228643 0.46700507402420044 3
1744368228652 0.46700507402420044 4
1744368228662 0.48730963468551636 5
1744368228671 0.49238577485084534 6
1744368228679 0.4974619150161743 7
1744368228687 0.5076141953468323 8
1744368228695 0.5279187560081482 9
1744368228703 0.5431472063064575 10
1744368228710 0.5583756566047668 11
1744368228718 0.5736040472984314 12
1744368228726 0.5583756566047668 13
1744368228734 0.5634517669677734 14
1744368228742 0.5736040472984314 15
1744368228750 0.5685279369354248 16
1744368228757 0.5634517669677734 17
1744368228765 0.5736040472984314 18
1744368228773 0.5736040472984314 19
1744368228780 0.5736040472984314 20
1744368228789 0.5685279369354248 21
1744368228797 0.5685279369354248 22
1744368228805 0.5685279369354248 23
1744368228812 0.5634517669677734 24
1744368228820 0.5634517669677734 25
1744368228828 0.5634517669677734 26
