1744279237435 0.7089808583259583 0
1744279237446 0.7166743874549866 1
1744279237457 0.696393609046936 2
1744279237471 0.7068224549293518 3
1744279237481 0.6926190257072449 4
1744279237491 0.6890148520469666 5
1744279237502 0.6781845688819885 6
1744279237514 0.6912389993667603 7
1744279237524 0.7000976204872131 8
1744279237535 0.6954640746116638 9
1744279237546 0.6737279295921326 10
1744279237557 0.6822502613067627 11
1744279237568 0.6722012758255005 12
1744279237578 0.6818419694900513 13
1744279237590 0.6898683905601501 14
1744279237600 0.6657600998878479 15
1744279237610 0.6786321401596069 16
1744279237620 0.6820646524429321 17
1744279237631 0.6890680193901062 18
