1743763658968 0.6521739363670349 0
1743763658977 0.739130437374115 1
1743763658987 0.6521739363670349 2
1743763658996 0.6521739363670349 3
1743763659005 0.695652186870575 4
1743763659015 0.5652173757553101 5
1743763659024 0.6521739363670349 6
1743763659033 0.6521739363670349 7
1743763659042 0.695652186870575 8
1743763659053 0.6521739363670349 9
1743763659062 0.6086956262588501 10
1743763659073 0.6521739363670349 11
1743763659085 0.695652186870575 12
1743763659095 0.6521739363670349 13
1743763659106 0.5652173757553101 14
1743763659116 0.695652186870575 15
1743763659127 0.782608687877655 16
1743763659136 0.8695651888847351 17
1743763659146 0.695652186870575 18
1743763659155 0.6086956262588501 19
1743763659165 0.6086956262588501 20
