1743763658972 0.6882144808769226 0
1743763658982 0.6485927104949951 1
1743763658992 0.6494213342666626 2
1743763659001 0.6632031798362732 3
1743763659010 0.6310286521911621 4
1743763659020 0.677211582660675 5
1743763659029 0.626496434211731 6
1743763659037 0.6317389011383057 7
1743763659046 0.6280052661895752 8
1743763659058 0.6151296496391296 9
1743763659067 0.62052321434021 10
1743763659080 0.6070694923400879 11
1743763659090 0.6308240294456482 12
1743763659101 0.6112186312675476 13
1743763659111 0.621874213218689 14
1743763659121 0.5786025524139404 15
1743763659131 0.6086564064025879 16
1743763659140 0.5497558116912842 17
1743763659151 0.5861451029777527 18
1743763659160 0.5988603830337524 19
1743763659170 0.5722410678863525 20
