1744397543157 0.5228426456451416 0
1744397543168 0.5888324975967407 1
1744397543179 0.5634517669677734 2
1744397543192 0.5837563276290894 3
1744397543202 0.5634517669677734 4
1744397543212 0.5736040472984314 5
1744397543222 0.5786802172660828 6
1744397543233 0.5888324975967407 7
1744397543244 0.5736040472984314 8
1744397543253 0.5786802172660828 9
1744397543263 0.5786802172660828 10
1744397543273 0.5786802172660828 11
1744397543283 0.5736040472984314 12
1744397543293 0.5939086079597473 13
1744397543304 0.5786802172660828 14
