1744396776947 0.5786802172660828 0
1744396776959 0.5888324975967407 1
1744396776971 0.624365508556366 2
1744396776983 0.5837563276290894 3
1744396776994 0.5786802172660828 4
1744396777005 0.5786802172660828 5
1744396777015 0.5736040472984314 6
1744396777027 0.5634517669677734 7
1744396777039 0.5837563276290894 8
1744396777051 0.5583756566047668 9
1744396777062 0.5736040472984314 10
1744396777074 0.5634517669677734 11
1744396777084 0.5685279369354248 12
1744396777094 0.5634517669677734 13
1744396777105 0.5634517669677734 14
1744396777117 0.5837563276290894 15
1744396777128 0.5736040472984314 16
