1744396776953 0.6921792030334473 0
1744396776965 0.6913332343101501 1
1744396776977 0.6901153922080994 2
1744396776989 0.6907894015312195 3
1744396776999 0.6895171999931335 4
1744396777010 0.688489556312561 5
1744396777021 0.6892598867416382 6
1744396777033 0.6883819103240967 7
1744396777045 0.687740683555603 8
1744396777056 0.6875355243682861 9
1744396777068 0.6860278844833374 10
1744396777079 0.6849668025970459 11
1744396777089 0.6859349012374878 12
1744396777100 0.6843879222869873 13
1744396777111 0.6836695671081543 14
1744396777122 0.6819497346878052 15
1744396777133 0.6823903322219849 16
