1744367913010 0.5279187560081482 0
1744367913020 0.5939086079597473 1
1744367913031 0.6040608882904053 2
1744367913041 0.5786802172660828 3
1744367913051 0.5685279369354248 4
1744367913060 0.5685279369354248 5
1744367913069 0.5583756566047668 6
1744367913079 0.5685279369354248 7
1744367913089 0.5786802172660828 8
1744367913098 0.5634517669677734 9
1744367913108 0.5583756566047668 10
1744367913117 0.5634517669677734 11
1744367913127 0.5583756566047668 12
1744367913139 0.5634517669677734 13
1744367913150 0.5634517669677734 14
1744367913160 0.5786802172660828 15
