1744400946581 0.6935555338859558 0
1744400946594 0.6919634342193604 1
1744400946606 0.6889130473136902 2
1744400946618 0.6864147186279297 3
1744400946632 0.6848052144050598 4
1744400946644 0.6835935711860657 5
1744400946655 0.6825998425483704 6
1744400946667 0.679512083530426 7
1744400946678 0.6798270344734192 8
1744400946691 0.6758096218109131 9
1744400946703 0.6758549213409424 10
1744400946715 0.6757186055183411 11
1744400946727 0.6739833950996399 12
1744400946740 0.672873318195343 13
1744400946753 0.6712591648101807 14
1744400946765 0.6700474619865417 15
1744400946781 0.6677845120429993 16
1744400946796 0.6687114238739014 17
1744400946810 0.6688280701637268 18
1744400946823 0.6670436263084412 19
1744400946838 0.6671009659767151 20
1744400946854 0.6628225445747375 21
1744400946869 0.6628479361534119 22
1744400946884 0.662341833114624 23
1744400946900 0.6614606976509094 24
1744400946915 0.6614336371421814 25
1744400946928 0.6618776917457581 26
1744400946941 0.6623101234436035 27
