1744400946575 0.515625 0
1744400946587 0.5260416865348816 1
1744400946600 0.5833333134651184 2
1744400946611 0.6041666865348816 3
1744400946624 0.5885416865348816 4
1744400946639 0.5833333134651184 5
1744400946650 0.5989583134651184 6
1744400946660 0.640625 7
1744400946673 0.6041666865348816 8
1744400946684 0.6614583134651184 9
1744400946697 0.5833333134651184 10
1744400946709 0.625 11
1744400946721 0.65625 12
1744400946733 0.5989583134651184 13
1744400946746 0.6354166865348816 14
1744400946759 0.6458333134651184 15
1744400946772 0.671875 16
1744400946789 0.6354166865348816 17
1744400946804 0.6302083134651184 18
1744400946817 0.65625 19
1744400946830 0.6302083134651184 20
1744400946846 0.6770833134651184 21
1744400946861 0.65625 22
1744400946876 0.6354166865348816 23
1744400946892 0.6666666865348816 24
1744400946908 0.6458333134651184 25
1744400946922 0.6458333134651184 26
1744400946935 0.6302083134651184 27
