1744886776759 0.6929188966751099 0
1744886776787 0.6927973031997681 1
1744886776806 0.6928598880767822 2
1744886776823 0.6922545433044434 3
1744886776839 0.6929577589035034 4
1744886776854 0.6920685768127441 5
1744886776879 0.6921365857124329 6
1744886776890 0.6927449703216553 7
1744886776902 0.691685140132904 8
1744886776911 0.6921198964118958 9
1744886776922 0.6914161443710327 10
1744886776932 0.6916221976280212 11
1744886776942 0.6915361285209656 12
1744886776952 0.691756010055542 13
1744886776980 0.6911051273345947 14
1744886776991 0.6917478442192078 15
1744886777001 0.6914030313491821 16
1744886777011 0.6919944286346436 17
1744886777025 0.6912791132926941 18
1744886777037 0.6907252669334412 19
1744886777047 0.6908360123634338 20
1744886777057 0.6908159852027893 21
1744886777066 0.6910313367843628 22
1744886777076 0.6902595162391663 23
1744886777085 0.6902598142623901 24
1744886777094 0.6895554065704346 25
1744886777105 0.6898294687271118 26
1744886777120 0.6904617547988892 27
1744886777129 0.6895641684532166 28
1744886777139 0.6894792318344116 29
