1744886776753 0.5255101919174194 0
1744886776772 0.5102040767669678 1
1744886776796 0.48469388484954834 2
1744886776815 0.6020408272743225 3
1744886776830 0.5051020383834839 4
1744886776846 0.5765306353569031 5
1744886776870 0.5612244606018066 6
1744886776884 0.5408163070678711 7
1744886776897 0.5612244606018066 8
1744886776906 0.5867347121238708 9
1744886776917 0.5765306353569031 10
1744886776927 0.5969387888908386 11
1744886776937 0.545918345451355 12
1744886776947 0.5765306353569031 13
1744886776975 0.5357142686843872 14
1744886776986 0.5510203838348389 15
1744886776995 0.581632673740387 16
1744886777006 0.5714285969734192 17
1744886777019 0.5714285969734192 18
1744886777031 0.5918367505073547 19
1744886777042 0.5663265585899353 20
1744886777052 0.581632673740387 21
1744886777061 0.5612244606018066 22
1744886777071 0.5969387888908386 23
1744886777080 0.5867347121238708 24
1744886777089 0.5969387888908386 25
1744886777099 0.5714285969734192 26
1744886777114 0.5714285969734192 27
1744886777125 0.5918367505073547 28
1744886777134 0.6020408272743225 29
