1744368220282 0.6920127272605896 0
1744368220291 0.6914926767349243 1
1744368220299 0.6908859610557556 2
1744368220308 0.690280556678772 3
1744368220317 0.689818799495697 4
1744368220326 0.6893848180770874 5
1744368220335 0.6889674663543701 6
1744368220343 0.6884022951126099 7
1744368220351 0.6879962086677551 8
1744368220359 0.6873725056648254 9
1744368220367 0.6869098544120789 10
1744368220375 0.6863740086555481 11
1744368220383 0.6858325600624084 12
1744368220391 0.6853488683700562 13
1744368220399 0.6848227977752686 14
1744368220407 0.6843688488006592 15
1744368220415 0.6839186549186707 16
