1744368220267 0.5837563276290894 0
1744368220286 0.5736040472984314 1
1744368220295 0.6091370582580566 2
1744368220303 0.5989847779273987 3
1744368220313 0.5888324975967407 4
1744368220322 0.5888324975967407 5
1744368220330 0.5888324975967407 6
1744368220339 0.5837563276290894 7
1744368220347 0.5786802172660828 8
1744368220355 0.5736040472984314 9
1744368220363 0.5736040472984314 10
1744368220371 0.5786802172660828 11
1744368220379 0.5837563276290894 12
1744368220387 0.5837563276290894 13
1744368220395 0.5837563276290894 14
1744368220404 0.5786802172660828 15
1744368220411 0.5786802172660828 16
