1744282522756 0.6979067921638489 0
1744282522774 0.6877932548522949 1
1744282522785 0.6823041439056396 2
1744282522797 0.6794739365577698 3
1744282522808 0.6769195199012756 4
1744282522822 0.6745971441268921 5
1744282522832 0.6721987128257751 6
1744282522844 0.669951319694519 7
1744282522855 0.6682401299476624 8
1744282522866 0.6667569279670715 9
1744282522878 0.6657859086990356 10
1744282522889 0.6652371883392334 11
1744282522902 0.663485050201416 12
1744282522913 0.6631559133529663 13
1744282522926 0.6614536643028259 14
1744282522937 0.660553514957428 15
1744282522949 0.6597356200218201 16
