1744881533008 0.5532994866371155 0
1744881533028 0.5837563276290894 1
1744881533045 0.5685279369354248 2
1744881533061 0.5736040472984314 3
1744881533075 0.5736040472984314 4
1744881533088 0.5786802172660828 5
1744881533111 0.5736040472984314 6
1744881533126 0.5837563276290894 7
1744881533140 0.5786802172660828 8
1744881533155 0.5989847779273987 9
1744881533170 0.6040608882904053 10
1744881533187 0.5989847779273987 11
1744881533203 0.624365508556366 12
1744881533218 0.6345177888870239 13
1744881533240 0.6395938992500305 14
1744881533256 0.6345177888870239 15
1744881533270 0.6446700692176819 16
1744881533284 0.6446700692176819 17
1744881533298 0.6497461795806885 18
1744881533311 0.6446700692176819 19
1744881533325 0.6497461795806885 20
1744881533339 0.6548223495483398 21
1744881533353 0.6446700692176819 22
1744881533367 0.6548223495483398 23
1744881533381 0.6548223495483398 24
1744881533395 0.6446700692176819 25
1744881533409 0.6446700692176819 26
