1744881533015 0.6928539872169495 0
1744881533037 0.6918854117393494 1
1744881533053 0.6908577084541321 2
1744881533067 0.6898753643035889 3
1744881533082 0.6891530752182007 4
1744881533103 0.6879634857177734 5
1744881533118 0.6868154406547546 6
1744881533133 0.6857188940048218 7
1744881533148 0.684356689453125 8
1744881533163 0.6824926137924194 9
1744881533179 0.6806478500366211 10
1744881533194 0.6784121990203857 11
1744881533210 0.6762150526046753 12
1744881533226 0.6730908751487732 13
1744881533248 0.6694743633270264 14
1744881533263 0.6669397354125977 15
1744881533276 0.6628681421279907 16
1744881533291 0.6599945425987244 17
1744881533304 0.6559237837791443 18
1744881533317 0.6531708836555481 19
1744881533332 0.6494265794754028 20
1744881533346 0.6456592082977295 21
1744881533360 0.6427872776985168 22
1744881533374 0.6420139074325562 23
1744881533388 0.6387876868247986 24
1744881533402 0.636793315410614 25
1744881533416 0.6317867040634155 26
