1743763415666 0.3478260934352875 0
1743763415675 0.30434781312942505 1
1743763415684 0.3913043439388275 2
1743763415695 0.47826087474823 3
1743763415705 0.52173912525177 4
1743763415715 0.6521739363670349 5
1743763415724 0.6521739363670349 6
1743763415733 0.695652186870575 7
1743763415742 0.6086956262588501 8
1743763415753 0.6521739363670349 9
1743763415765 0.6521739363670349 10
1743763415774 0.695652186870575 11
1743763415783 0.695652186870575 12
1743763415791 0.695652186870575 13
1743763415800 0.695652186870575 14
