1743763415671 0.7167962193489075 0
1743763415680 0.7071136236190796 1
1743763415690 0.6990727186203003 2
1743763415700 0.6903360486030579 3
1743763415710 0.6837894320487976 4
1743763415719 0.6772276759147644 5
1743763415728 0.6699923872947693 6
1743763415737 0.6642040014266968 7
1743763415747 0.6591290235519409 8
1743763415759 0.6526092290878296 9
1743763415770 0.6469360589981079 10
1743763415778 0.6421589851379395 11
1743763415787 0.6371583342552185 12
1743763415795 0.6335346102714539 13
1743763415804 0.6282486915588379 14
