1744400888963 0.693889856338501 0
1744400888982 0.6891515851020813 1
1744400888994 0.6843611598014832 2
1744400889006 0.6800962090492249 3
1744400889017 0.6768377423286438 4
1744400889031 0.6739516854286194 5
1744400889049 0.668565034866333 6
1744400889072 0.6642850041389465 7
1744400889148 0.6645401120185852 8
1744400889171 0.6589987277984619 9
1744400889184 0.6581482887268066 10
1744400889195 0.6569440960884094 11
1744400889209 0.6551176309585571 12
1744400889220 0.6573042273521423 13
1744400889231 0.6542389988899231 14
1744400889243 0.6514658331871033 15
