1744400888952 0.4895833432674408 0
1744400888976 0.5833333134651184 1
1744400888989 0.59375 2
1744400889000 0.6354166865348816 3
1744400889012 0.609375 4
1744400889024 0.6197916865348816 5
1744400889041 0.6354166865348816 6
1744400889059 0.6614583134651184 7
1744400889089 0.6354166865348816 8
1744400889163 0.6458333134651184 9
1744400889177 0.6614583134651184 10
1744400889189 0.6458333134651184 11
1744400889201 0.65625 12
1744400889215 0.625 13
1744400889226 0.6354166865348816 14
1744400889237 0.6354166865348816 15
