1744401617140 0.4895833432674408 0
1744401617152 0.6197916865348816 1
1744401617163 0.6145833134651184 2
1744401617174 0.625 3
1744401617185 0.640625 4
1744401617205 0.6302083134651184 5
1744401617215 0.6666666865348816 6
1744401617233 0.6770833134651184 7
1744401617246 0.640625 8
1744401617257 0.6666666865348816 9
1744401617268 0.6302083134651184 10
1744401617278 0.6302083134651184 11
1744401617289 0.65625 12
1744401617300 0.6666666865348816 13
1744401617311 0.6510416865348816 14
1744401617322 0.6458333134651184 15
1744401617332 0.7291666865348816 16
1744401617342 0.6666666865348816 17
1744401617353 0.6666666865348816 18
1744401617368 0.6770833134651184 19
1744401617378 0.6666666865348816 20
1744401617390 0.6927083134651184 21
1744401617403 0.6354166865348816 22
1744401617414 0.671875 23
1744401617425 0.6979166865348816 24
1744401617436 0.71875 25
1744401617447 0.703125 26
1744401617458 0.75 27
1744401617469 0.7447916865348816 28
1744401617480 0.671875 29
