1744401617146 0.7317169308662415 0
1744401617157 0.6751348376274109 1
1744401617169 0.6701118350028992 2
1744401617179 0.6628467440605164 3
1744401617190 0.6597200632095337 4
1744401617210 0.6529629230499268 5
1744401617226 0.6346591114997864 6
1744401617239 0.6128760576248169 7
1744401617252 0.6247361302375793 8
1744401617262 0.6149434447288513 9
1744401617273 0.6280515789985657 10
1744401617284 0.6459575891494751 11
1744401617295 0.6118832230567932 12
1744401617306 0.61380535364151 13
1744401617316 0.6206240057945251 14
1744401617327 0.6068582534790039 15
1744401617337 0.5635857582092285 16
1744401617348 0.6115737557411194 17
1744401617362 0.5980976223945618 18
1744401617373 0.6019725203514099 19
1744401617383 0.5856253504753113 20
1744401617397 0.5972415804862976 21
1744401617409 0.5954943299293518 22
1744401617420 0.5942316651344299 23
1744401617431 0.5789703130722046 24
1744401617441 0.551205039024353 25
1744401617452 0.5591980218887329 26
1744401617463 0.5528530478477478 27
1744401617474 0.569269597530365 28
1744401617485 0.5750753283500671 29
