1744401354559 0.4583333432674408 0
1744401354571 0.4635416567325592 1
1744401354582 0.4947916567325592 2
1744401354593 0.515625 3
1744401354603 0.5260416865348816 4
1744401354614 0.5364583134651184 5
1744401354624 0.5052083134651184 6
1744401354635 0.5833333134651184 7
1744401354646 0.578125 8
1744401354656 0.6041666865348816 9
1744401354666 0.5572916865348816 10
1744401354676 0.5833333134651184 11
1744401354687 0.5885416865348816 12
1744401354697 0.609375 13
1744401354708 0.5989583134651184 14
1744401354719 0.6458333134651184 15
1744401354730 0.5885416865348816 16
1744401354740 0.5833333134651184 17
1744401354751 0.6197916865348816 18
