1744882195434 0.4720812141895294 0
1744882195452 0.5837563276290894 1
1744882195468 0.5888324975967407 2
1744882195484 0.5837563276290894 3
1744882195500 0.5736040472984314 4
1744882195515 0.5736040472984314 5
1744882195531 0.5736040472984314 6
1744882195547 0.5736040472984314 7
1744882195562 0.5736040472984314 8
1744882195580 0.5736040472984314 9
1744882195595 0.5736040472984314 10
1744882195610 0.5736040472984314 11
1744882195625 0.5736040472984314 12
1744882195640 0.5736040472984314 13
1744882195654 0.5736040472984314 14
1744882195668 0.5736040472984314 15
1744882195683 0.5786802172660828 16
1744882195698 0.5786802172660828 17
1744882195714 0.5786802172660828 18
