1744882195443 0.6932697296142578 0
1744882195459 0.6927309632301331 1
1744882195476 0.6922270655632019 2
1744882195491 0.6918301582336426 3
1744882195507 0.6914101243019104 4
1744882195523 0.6909120678901672 5
1744882195539 0.690335214138031 6
1744882195554 0.6898320913314819 7
1744882195571 0.689302921295166 8
1744882195588 0.6886472702026367 9
1744882195603 0.6880379915237427 10
1744882195617 0.6874299049377441 11
1744882195633 0.6868849396705627 12
1744882195647 0.6862026453018188 13
1744882195660 0.6855742335319519 14
1744882195676 0.6849052309989929 15
1744882195691 0.6843215823173523 16
1744882195706 0.6835640668869019 17
1744882195722 0.6828868985176086 18
