1744886179051 0.545918345451355 0
1744886179064 0.5918367505073547 1
1744886179074 0.5918367505073547 2
1744886179086 0.581632673740387 3
1744886179095 0.5918367505073547 4
1744886179104 0.6020408272743225 5
1744886179112 0.6275510191917419 6
1744886179120 0.6224489808082581 7
1744886179128 0.6173469424247742 8
1744886179136 0.6224489808082581 9
1744886179150 0.6275510191917419 10
1744886179158 0.6173469424247742 11
1744886179167 0.6071428656578064 12
1744886179177 0.6122449040412903 13
1744886179186 0.6122449040412903 14
1744886179195 0.6122449040412903 15
1744886179203 0.6122449040412903 16
1744886179212 0.6020408272743225 17
1744886179221 0.6122449040412903 18
1744886179229 0.6275510191917419 19
1744886179237 0.6326530575752258 20
1744886179245 0.6173469424247742 21
1744886179253 0.6326530575752258 22
1744886179261 0.6275510191917419 23
1744886179273 0.6275510191917419 24
1744886179281 0.6224489808082581 25
1744886179289 0.6326530575752258 26
