1744886179058 0.6921817064285278 0
1744886179069 0.6893559694290161 1
1744886179079 0.6860827207565308 2
1744886179090 0.6830012798309326 3
1744886179099 0.6795580387115479 4
1744886179108 0.6758821606636047 5
1744886179116 0.6714503169059753 6
1744886179124 0.6676055192947388 7
1744886179132 0.6624940633773804 8
1744886179143 0.6594018936157227 9
1744886179154 0.6568564772605896 10
1744886179163 0.6552109122276306 11
1744886179172 0.6535573601722717 12
1744886179182 0.6527154445648193 13
1744886179190 0.6520801186561584 14
1744886179199 0.6516311168670654 15
1744886179208 0.6500075459480286 16
1744886179217 0.6490087509155273 17
1744886179225 0.6495729684829712 18
1744886179233 0.6487095952033997 19
1744886179241 0.648175835609436 20
1744886179249 0.6471613645553589 21
1744886179257 0.6469804644584656 22
1744886179268 0.6467226147651672 23
1744886179277 0.6462949514389038 24
1744886179285 0.6457662582397461 25
1744886179293 0.6461420655250549 26
