1745402895747 0.6919052004814148 0
1745402895809 0.6884190440177917 1
1745402895873 0.686150312423706 2
1745402895944 0.6836044788360596 3
1745402896007 0.6816335916519165 4
1745402896065 0.6789125800132751 5
1745402896124 0.6762537360191345 6
1745402896181 0.6735497117042542 7
1745402896243 0.6708793640136719 8
1745402896308 0.6685470938682556 9
1745402896367 0.6656959056854248 10
1745402896433 0.664038896560669 11
1745402896492 0.6627659201622009 12
1745402896551 0.6611399054527283 13
1745402896610 0.6602810621261597 14
1745402896669 0.6594683527946472 15
1745402896729 0.6592506170272827 16
1745402896787 0.6581968069076538 17
1745402896845 0.6567964553833008 18
1745402896912 0.6567505598068237 19
