1745402895713 0.5561224222183228 0
1745402895778 0.5918367505073547 1
1745402895842 0.5867347121238708 2
1745402895904 0.5918367505073547 3
1745402895977 0.5918367505073547 4
1745402896036 0.5918367505073547 5
1745402896094 0.5867347121238708 6
1745402896152 0.5918367505073547 7
1745402896212 0.5969387888908386 8
1745402896277 0.5969387888908386 9
1745402896338 0.6020408272743225 10
1745402896396 0.5918367505073547 11
1745402896463 0.5918367505073547 12
1745402896522 0.6020408272743225 13
1745402896580 0.5918367505073547 14
1745402896639 0.5969387888908386 15
1745402896698 0.6020408272743225 16
1745402896758 0.5918367505073547 17
1745402896816 0.5918367505073547 18
1745402896877 0.5918367505073547 19
