1744881973765 0.5583756566047668 0
1744881973784 0.5279187560081482 1
1744881973798 0.5685279369354248 2
1744881973812 0.5888324975967407 3
1744881973826 0.5837563276290894 4
1744881973841 0.5634517669677734 5
1744881973856 0.5583756566047668 6
1744881973869 0.5634517669677734 7
1744881973883 0.5634517669677734 8
1744881973897 0.5685279369354248 9
1744881973911 0.5685279369354248 10
1744881973925 0.5634517669677734 11
1744881973942 0.5634517669677734 12
1744881973957 0.5634517669677734 13
1744881973971 0.5685279369354248 14
1744881973985 0.5685279369354248 15
1744881974000 0.5685279369354248 16
1744881974016 0.5685279369354248 17
1744881974031 0.5685279369354248 18
