1744282353562 0.5561224222183228 0
1744282353573 0.5561224222183228 1
1744282353583 0.5510203838348389 2
1744282353592 0.5510203838348389 3
1744282353601 0.5561224222183228 4
1744282353610 0.5612244606018066 5
1744282353619 0.5612244606018066 6
1744282353628 0.5561224222183228 7
1744282353638 0.5561224222183228 8
1744282353647 0.5561224222183228 9
1744282353656 0.545918345451355 10
1744282353666 0.545918345451355 11
1744282353676 0.545918345451355 12
1744282353686 0.5510203838348389 13
1744282353695 0.5510203838348389 14
1744282353704 0.5510203838348389 15
1744282353714 0.5612244606018066 16
1744282353724 0.5663265585899353 17
