1744282353567 0.6909302473068237 0
1744282353578 0.6891762018203735 1
1744282353587 0.6877428889274597 2
1744282353597 0.686749279499054 3
1744282353606 0.6857820749282837 4
1744282353615 0.6851847767829895 5
1744282353624 0.6845425367355347 6
1744282353633 0.6837207078933716 7
1744282353642 0.6828643083572388 8
1744282353651 0.6820762753486633 9
1744282353661 0.6814621686935425 10
1744282353671 0.6806492209434509 11
1744282353681 0.6799345016479492 12
1744282353690 0.6791563034057617 13
1744282353700 0.6787887811660767 14
1744282353709 0.678068995475769 15
1744282353719 0.6777595281600952 16
1744282353729 0.6765314936637878 17
