1744712958945 0.5380710363388062 0
1744712958960 0.5583756566047668 1
1744712958974 0.5837563276290894 2
1744712958988 0.5634517669677734 3
1744712959001 0.5685279369354248 4
1744712959014 0.5685279369354248 5
1744712959027 0.5685279369354248 6
1744712959040 0.5685279369354248 7
1744712959052 0.5736040472984314 8
1744712959065 0.5736040472984314 9
1744712959079 0.5685279369354248 10
1744712959094 0.5786802172660828 11
1744712959108 0.5939086079597473 12
1744712959121 0.5837563276290894 13
1744712959136 0.5736040472984314 14
1744712959152 0.5786802172660828 15
1744712959165 0.5989847779273987 16
1744712959181 0.5786802172660828 17
1744712959195 0.5939086079597473 18
1744712959208 0.5736040472984314 19
1744712959220 0.5939086079597473 20
1744712959233 0.5939086079597473 21
