1744712958952 0.6922144889831543 0
1744712958967 0.6891564726829529 1
1744712958980 0.6867725253105164 2
1744712958995 0.6850192546844482 3
1744712959008 0.6817219257354736 4
1744712959021 0.6788213849067688 5
1744712959033 0.6784986257553101 6
1744712959046 0.6753557324409485 7
1744712959058 0.6758833527565002 8
1744712959072 0.6740140318870544 9
1744712959086 0.6710388660430908 10
1744712959101 0.6718802452087402 11
1744712959115 0.6723217368125916 12
1744712959129 0.6736230254173279 13
1744712959145 0.6680305004119873 14
1744712959159 0.6692900657653809 15
1744712959172 0.6694923043251038 16
1744712959188 0.6698716878890991 17
1744712959201 0.6693460941314697 18
1744712959214 0.667407214641571 19
1744712959227 0.6641988754272461 20
1744712959239 0.6686086654663086 21
