1744886550169 0.692895770072937 0
1744886550179 0.6907684206962585 1
1744886550190 0.6900594830513 2
1744886550201 0.6893691420555115 3
1744886550211 0.6876249313354492 4
1744886550222 0.6855428218841553 5
1744886550230 0.6857771873474121 6
1744886550240 0.6840745806694031 7
1744886550248 0.6832865476608276 8
1744886550257 0.6819012761116028 9
1744886550270 0.6825444102287292 10
1744886550280 0.6815964579582214 11
1744886550290 0.6788896918296814 12
1744886550299 0.678893506526947 13
1744886550308 0.6764557361602783 14
1744886550318 0.6754322648048401 15
1744886550327 0.6748608350753784 16
1744886550337 0.6724261045455933 17
1744886550346 0.6736032366752625 18
1744886550356 0.6719375848770142 19
