1744886550163 0.5102040767669678 0
1744886550174 0.5204081535339355 1
1744886550185 0.5867347121238708 2
1744886550195 0.6173469424247742 3
1744886550206 0.5765306353569031 4
1744886550216 0.6020408272743225 5
1744886550226 0.6020408272743225 6
1744886550235 0.5867347121238708 7
1744886550244 0.5969387888908386 8
1744886550253 0.5918367505073547 9
1744886550261 0.581632673740387 10
1744886550275 0.6020408272743225 11
1744886550285 0.5969387888908386 12
1744886550294 0.5918367505073547 13
1744886550304 0.6071428656578064 14
1744886550313 0.5714285969734192 15
1744886550323 0.5969387888908386 16
1744886550332 0.5918367505073547 17
1744886550342 0.5663265585899353 18
1744886550351 0.5969387888908386 19
