1744281921221 0.4897959232330322 0
1744281921232 0.5153061151504517 1
1744281921242 0.5408163070678711 2
1744281921252 0.5357142686843872 3
1744281921261 0.5867347121238708 4
1744281921270 0.5765306353569031 5
1744281921279 0.5714285969734192 6
1744281921288 0.5663265585899353 7
1744281921298 0.5408163070678711 8
1744281921307 0.5765306353569031 9
1744281921316 0.581632673740387 10
1744281921325 0.581632673740387 11
1744281921334 0.5918367505073547 12
1744281921343 0.581632673740387 13
1744281921352 0.5612244606018066 14
1744281921360 0.5969387888908386 15
1744281921370 0.6173469424247742 16
1744281921378 0.581632673740387 17
1744281921387 0.5663265585899353 18
1744281921395 0.5867347121238708 19
1744281921403 0.5867347121238708 20
1744281921412 0.6479591727256775 21
