1744882081728 0.692758321762085 0
1744882081746 0.6930463910102844 1
1744882081762 0.692127525806427 2
1744882081778 0.6912280321121216 3
1744882081791 0.6913297772407532 4
1744882081806 0.6920416951179504 5
1744882081820 0.6918782591819763 6
1744882081835 0.6918859481811523 7
1744882081849 0.6901131272315979 8
1744882081863 0.6909235715866089 9
1744882081878 0.6906546354293823 10
1744882081892 0.6904714107513428 11
1744882081906 0.6904632449150085 12
1744882081920 0.6903355121612549 13
1744882081934 0.6897794604301453 14
1744882081949 0.689812958240509 15
1744882081964 0.6904788613319397 16
1744882081979 0.6888960599899292 17
1744882081995 0.6893173456192017 18
