1744882081720 0.5482233762741089 0
1744882081738 0.5532994866371155 1
1744882081755 0.5634517669677734 2
1744882081770 0.5634517669677734 3
1744882081785 0.5837563276290894 4
1744882081799 0.5482233762741089 5
1744882081813 0.5736040472984314 6
1744882081828 0.5685279369354248 7
1744882081842 0.5583756566047668 8
1744882081856 0.5634517669677734 9
1744882081871 0.5583756566047668 10
1744882081885 0.5634517669677734 11
1744882081899 0.5634517669677734 12
1744882081913 0.5532994866371155 13
1744882081927 0.5634517669677734 14
1744882081941 0.5736040472984314 15
1744882081957 0.5634517669677734 16
1744882081971 0.5634517669677734 17
1744882081987 0.5634517669677734 18
