1744397298584 0.5431472063064575 0
1744397298593 0.5532994866371155 1
1744397298607 0.5736040472984314 2
1744397298622 0.5634517669677734 3
1744397298630 0.5634517669677734 4
1744397298639 0.5634517669677734 5
1744397298648 0.5583756566047668 6
1744397298657 0.5685279369354248 7
1744397298666 0.5786802172660828 8
1744397298675 0.5685279369354248 9
1744397298683 0.5736040472984314 10
1744397298692 0.5736040472984314 11
1744397298700 0.5685279369354248 12
1744397298709 0.5888324975967407 13
1744397298717 0.5837563276290894 14
