1744397298589 0.6931126117706299 0
1744397298598 0.6919392347335815 1
1744397298612 0.6909778714179993 2
1744397298626 0.6897115707397461 3
1744397298635 0.6888833045959473 4
1744397298644 0.6879367232322693 5
1744397298652 0.6866672039031982 6
1744397298661 0.6859045028686523 7
1744397298670 0.685061514377594 8
1744397298679 0.6832869648933411 9
1744397298687 0.6820600628852844 10
1744397298696 0.6812266111373901 11
1744397298705 0.6797801852226257 12
1744397298713 0.6790696382522583 13
1744397298722 0.6782492995262146 14
