1744282140377 0.4897959232330322 0
1744282140397 0.581632673740387 1
1744282140411 0.5765306353569031 2
1744282140425 0.545918345451355 3
1744282140436 0.5153061151504517 4
1744282140449 0.5969387888908386 5
1744282140462 0.5867347121238708 6
1744282140474 0.5663265585899353 7
1744282140486 0.5612244606018066 8
1744282140497 0.5663265585899353 9
1744282140508 0.5051020383834839 10
1744282140520 0.5255101919174194 11
1744282140538 0.5765306353569031 12
1744282140554 0.5102040767669678 13
1744282140570 0.5612244606018066 14
1744282140584 0.6020408272743225 15
1744282140601 0.5357142686843872 16
1744282140620 0.5714285969734192 17
