1744401549212 0.4947916567325592 0
1744401549224 0.5052083134651184 1
1744401549234 0.5885416865348816 2
1744401549245 0.578125 3
1744401549257 0.6145833134651184 4
1744401549268 0.6145833134651184 5
1744401549279 0.6822916865348816 6
1744401549289 0.6510416865348816 7
1744401549300 0.671875 8
1744401549311 0.6510416865348816 9
1744401549321 0.6927083134651184 10
1744401549332 0.6979166865348816 11
1744401549343 0.65625 12
1744401549354 0.65625 13
1744401549364 0.7083333134651184 14
1744401549375 0.6875 15
1744401549386 0.671875 16
1744401549397 0.6666666865348816 17
1744401549407 0.6354166865348816 18
1744401549418 0.671875 19
1744401549429 0.703125 20
1744401549439 0.65625 21
1744401549450 0.7291666865348816 22
1744401549460 0.703125 23
