1744279385181 0.5306122303009033 0
1744279385194 0.5612244606018066 1
1744279385205 0.5612244606018066 2
1744279385219 0.5663265585899353 3
1744279385231 0.5765306353569031 4
1744279385243 0.6224489808082581 5
1744279385254 0.6428571343421936 6
1744279385266 0.6173469424247742 7
1744279385278 0.6122449040412903 8
1744279385294 0.6020408272743225 9
1744279385306 0.5969387888908386 10
1744279385318 0.6071428656578064 11
1744279385329 0.6071428656578064 12
1744279385340 0.6071428656578064 13
1744279385352 0.6122449040412903 14
