1744279385187 0.6932777166366577 0
1744279385200 0.6858753561973572 1
1744279385212 0.681898295879364 2
1744279385225 0.6796923875808716 3
1744279385237 0.676166832447052 4
1744279385248 0.6756776571273804 5
1744279385261 0.6720183491706848 6
1744279385272 0.6714172959327698 7
1744279385287 0.669730544090271 8
1744279385300 0.6678472757339478 9
1744279385312 0.667110025882721 10
1744279385324 0.6659831404685974 11
1744279385335 0.6648334860801697 12
1744279385346 0.6645447611808777 13
1744279385358 0.6635937094688416 14
