1744881811611 0.6940611004829407 0
1744881811632 0.6931598782539368 1
1744881811651 0.6935199499130249 2
1744881811671 0.6933872103691101 3
1744881811688 0.6927586793899536 4
1744881811714 0.6928198933601379 5
1744881811737 0.692598283290863 6
1744881811751 0.693042516708374 7
1744881811765 0.692315399646759 8
1744881811780 0.69242262840271 9
1744881811798 0.6920920610427856 10
1744881811813 0.6924331784248352 11
1744881811828 0.6914264559745789 12
1744881811842 0.6919478178024292 13
1744881811855 0.691446840763092 14
1744881811869 0.691616415977478 15
1744881811890 0.6921004056930542 16
1744881811905 0.6916289329528809 17
1744881811920 0.6920913457870483 18
1744881811934 0.6915406584739685 19
1744881811947 0.6912171840667725 20
1744881811972 0.6905598044395447 21
1744881812001 0.6908515095710754 22
1744881812031 0.6904874444007874 23
