1744881811602 0.46700507402420044 0
1744881811622 0.5532994866371155 1
1744881811641 0.48730963468551636 2
1744881811662 0.5126903653144836 3
1744881811679 0.5329949259757996 4
1744881811698 0.5634517669677734 5
1744881811727 0.5532994866371155 6
1744881811744 0.5279187560081482 7
1744881811757 0.5583756566047668 8
1744881811772 0.5634517669677734 9
1744881811790 0.5685279369354248 10
1744881811806 0.5583756566047668 11
1744881811821 0.5989847779273987 12
1744881811835 0.5685279369354248 13
1744881811849 0.5634517669677734 14
1744881811861 0.5685279369354248 15
1744881811881 0.5532994866371155 16
1744881811898 0.5532994866371155 17
1744881811912 0.5685279369354248 18
1744881811927 0.5685279369354248 19
1744881811941 0.5634517669677734 20
1744881811959 0.5685279369354248 21
1744881811987 0.5583756566047668 22
1744881812013 0.5583756566047668 23
