1744397198319 0.6928310394287109 0
1744397198327 0.6920586824417114 1
1744397198335 0.691244900226593 2
1744397198343 0.6905051469802856 3
1744397198356 0.689815878868103 4
1744397198365 0.6891778707504272 5
1744397198374 0.6886911392211914 6
1744397198383 0.6879786252975464 7
1744397198399 0.6874265670776367 8
1744397198408 0.6867613792419434 9
1744397198417 0.6860091090202332 10
1744397198425 0.6851668953895569 11
1744397198434 0.6844654083251953 12
1744397198442 0.6834763288497925 13
1744397198451 0.6827828884124756 14
1744397198460 0.6819333434104919 15
1744397198468 0.6810665726661682 16
1744397198477 0.6801671981811523 17
