1743763572541 0.7138620615005493 0
1743763572552 0.7016596794128418 1
1743763572562 0.6899822950363159 2
1743763572576 0.6788474321365356 3
1743763572586 0.6683130860328674 4
1743763572595 0.6581611633300781 5
1743763572604 0.6485304832458496 6
1743763572613 0.639569878578186 7
1743763572622 0.6311296224594116 8
1743763572632 0.6232778429985046 9
1743763572641 0.616157054901123 10
1743763572650 0.6096708178520203 11
1743763572660 0.6037361025810242 12
1743763572670 0.598366916179657 13
1743763572679 0.5934295058250427 14
1743763572692 0.5888791680335999 15
1743763572701 0.5847322344779968 16
1743763572710 0.5809949636459351 17
1743763572718 0.5776152014732361 18
1743763572726 0.5744827389717102 19
1743763572735 0.5715628266334534 20
1743763572743 0.5687705874443054 21
1743763572751 0.5661535263061523 22
1743763572759 0.5637969970703125 23
1743763572768 0.5616220235824585 24
1743763572776 0.5594840049743652 25
