1743763572535 0.6086956262588501 0
1743763572546 0.6086956262588501 1
1743763572557 0.6086956262588501 2
1743763572571 0.6086956262588501 3
1743763572580 0.6086956262588501 4
1743763572590 0.6086956262588501 5
1743763572599 0.6086956262588501 6
1743763572608 0.6086956262588501 7
1743763572617 0.6086956262588501 8
1743763572627 0.6086956262588501 9
1743763572637 0.5652173757553101 10
1743763572646 0.6521739363670349 11
1743763572655 0.6521739363670349 12
1743763572665 0.739130437374115 13
1743763572674 0.739130437374115 14
1743763572686 0.695652186870575 15
1743763572697 0.695652186870575 16
1743763572706 0.739130437374115 17
1743763572714 0.739130437374115 18
1743763572722 0.739130437374115 19
1743763572730 0.739130437374115 20
1743763572739 0.739130437374115 21
1743763572747 0.739130437374115 22
1743763572755 0.739130437374115 23
1743763572763 0.739130437374115 24
1743763572772 0.739130437374115 25
