1744282483124 0.7040588855743408 0
1744282483142 0.6934685707092285 1
1744282483153 0.6889724135398865 2
1744282483164 0.687354564666748 3
1744282483174 0.6863701343536377 4
1744282483185 0.6944398880004883 5
1744282483196 0.6932792663574219 6
1744282483207 0.6791407465934753 7
1744282483218 0.687299907207489 8
1744282483228 0.6857185363769531 9
1744282483238 0.6842987537384033 10
1744282483248 0.6888153553009033 11
1744282483258 0.67451012134552 12
1744282483269 0.6783755421638489 13
1744282483279 0.6627365946769714 14
1744282483292 0.6741319894790649 15
1744282483309 0.675098180770874 16
1744282483319 0.6840125918388367 17
1744282483329 0.6639455556869507 18
1744282483341 0.679717481136322 19
