1744713046552 0.6924518942832947 0
1744713046567 0.6917709112167358 1
1744713046583 0.6903735399246216 2
1744713046596 0.6895157694816589 3
1744713046608 0.687686026096344 4
1744713046624 0.6867815256118774 5
1744713046641 0.6847860813140869 6
1744713046661 0.6835280656814575 7
1744713046677 0.6818652749061584 8
1744713046691 0.6815758943557739 9
1744713046703 0.6801425814628601 10
1744713046715 0.6791263222694397 11
1744713046727 0.6763436794281006 12
1744713046739 0.6760241389274597 13
1744713046751 0.6739869117736816 14
1744713046762 0.6743345260620117 15
1744713046774 0.6726172566413879 16
1744713046786 0.670305609703064 17
1744713046798 0.6718458533287048 18
1744713046810 0.6688759326934814 19
1744713046821 0.6716011166572571 20
1744713046834 0.6673439741134644 21
1744713046849 0.6693532466888428 22
1744713046868 0.6706972718238831 23
1744713046885 0.6684784889221191 24
1744713046901 0.6633791327476501 25
1744713046917 0.667127251625061 26
