1744713046543 0.5228426456451416 0
1744713046560 0.5736040472984314 1
1744713046575 0.5532994866371155 2
1744713046591 0.5634517669677734 3
1744713046602 0.5634517669677734 4
1744713046615 0.5837563276290894 5
1744713046633 0.5532994866371155 6
1744713046653 0.5685279369354248 7
1744713046669 0.5736040472984314 8
1744713046684 0.5736040472984314 9
1744713046697 0.5786802172660828 10
1744713046709 0.5736040472984314 11
1744713046721 0.5634517669677734 12
1744713046732 0.5685279369354248 13
1744713046744 0.5888324975967407 14
1744713046757 0.5837563276290894 15
1744713046769 0.5685279369354248 16
1744713046780 0.5888324975967407 17
1744713046792 0.6142131686210632 18
1744713046804 0.5736040472984314 19
1744713046815 0.5736040472984314 20
1744713046827 0.5685279369354248 21
1744713046841 0.5989847779273987 22
1744713046857 0.5837563276290894 23
1744713046877 0.5786802172660828 24
1744713046894 0.5939086079597473 25
1744713046909 0.5888324975967407 26
