1744712179285 0.5329949259757996 0
1744712179334 0.5583756566047668 1
1744712179353 0.5126903653144836 2
1744712179372 0.5583756566047668 3
1744712179386 0.5634517669677734 4
1744712179399 0.5634517669677734 5
1744712179420 0.5736040472984314 6
1744712179432 0.5583756566047668 7
1744712179440 0.5736040472984314 8
1744712179449 0.5786802172660828 9
1744712179458 0.5888324975967407 10
1744712179467 0.5837563276290894 11
1744712179476 0.5634517669677734 12
1744712179485 0.5736040472984314 13
1744712179493 0.5583756566047668 14
1744712179502 0.5736040472984314 15
1744712179512 0.5532994866371155 16
1744712179521 0.5736040472984314 17
1744712179530 0.5634517669677734 18
1744712179539 0.5532994866371155 19
1744712179547 0.5786802172660828 20
1744712179556 0.5786802172660828 21
1744712179565 0.5786802172660828 22
1744712179574 0.5685279369354248 23
1744712179583 0.5736040472984314 24
1744712179591 0.5583756566047668 25
