1744712179310 0.6925570964813232 0
1744712179343 0.6918797492980957 1
1744712179364 0.6919340491294861 2
1744712179379 0.6915144324302673 3
1744712179393 0.6907255053520203 4
1744712179414 0.6907227039337158 5
1744712179427 0.690595805644989 6
1744712179436 0.6900823712348938 7
1744712179445 0.6894552707672119 8
1744712179454 0.6897283792495728 9
1744712179463 0.68903648853302 10
1744712179471 0.688734233379364 11
1744712179480 0.6886427998542786 12
1744712179489 0.6879834532737732 13
1744712179497 0.6882780194282532 14
1744712179507 0.6870499849319458 15
1744712179517 0.687472403049469 16
1744712179526 0.687015175819397 17
1744712179534 0.6863731145858765 18
1744712179543 0.6865164637565613 19
1744712179552 0.6857098340988159 20
1744712179561 0.6854844689369202 21
1744712179570 0.6855967044830322 22
1744712179578 0.6851017475128174 23
1744712179587 0.6850632429122925 24
1744712179596 0.6851471066474915 25
