1744279433391 0.7082648873329163 0
1744279433407 0.6988947987556458 1
1744279433422 0.7012170553207397 2
1744279433435 0.7108008861541748 3
1744279433449 0.7032281756401062 4
1744279433462 0.709807276725769 5
1744279433474 0.7054997682571411 6
1744279433486 0.7026354670524597 7
1744279433498 0.697662889957428 8
1744279433511 0.7011747360229492 9
1744279433523 0.7122001051902771 10
1744279433535 0.6996406316757202 11
1744279433548 0.6852549314498901 12
1744279433560 0.7013170123100281 13
1744279433572 0.6863889694213867 14
1744279433584 0.6936650276184082 15
1744279433596 0.6967066526412964 16
1744279433608 0.6856694221496582 17
1744279433620 0.6834110617637634 18
1744279433632 0.6862788200378418 19
1744279433643 0.7032466530799866 20
1744279433654 0.6987632513046265 21
1744279433665 0.6864598393440247 22
1744279433676 0.6836415529251099 23
1744279433687 0.6871901750564575 24
1744279433699 0.6935625672340393 25
1744279433709 0.679688036441803 26
1744279433721 0.6987278461456299 27
1744279433732 0.6930902600288391 28
1744279433743 0.6957207322120667 29
