1744711923374 0.5228426456451416 0
1744711923384 0.5837563276290894 1
1744711923405 0.5888324975967407 2
1744711923416 0.5634517669677734 3
1744711923425 0.5736040472984314 4
1744711923434 0.5634517669677734 5
1744711923442 0.5837563276290894 6
1744711923450 0.5837563276290894 7
1744711923459 0.5685279369354248 8
1744711923466 0.5786802172660828 9
1744711923478 0.5736040472984314 10
1744711923487 0.5736040472984314 11
1744711923495 0.5786802172660828 12
1744711923503 0.5837563276290894 13
1744711923511 0.5888324975967407 14
1744711923519 0.6040608882904053 15
1744711923528 0.5837563276290894 16
1744711923536 0.5888324975967407 17
1744711923545 0.6040608882904053 18
