1744711923379 0.6926845908164978 0
1744711923395 0.6913465857505798 1
1744711923411 0.6892906427383423 2
1744711923421 0.688747763633728 3
1744711923429 0.6871554851531982 4
1744711923438 0.6860203742980957 5
1744711923446 0.6854915022850037 6
1744711923455 0.682837724685669 7
1744711923462 0.6822977662086487 8
1744711923470 0.681043803691864 9
1744711923483 0.6791486144065857 10
1744711923491 0.6777095794677734 11
1744711923498 0.6776853203773499 12
1744711923507 0.6775786280632019 13
1744711923515 0.67698073387146 14
1744711923523 0.6756554841995239 15
1744711923532 0.6745928525924683 16
1744711923540 0.6736806631088257 17
1744711923549 0.6721534729003906 18
