1744396866784 0.6930159330368042 0
1744396866801 0.6905712485313416 1
1744396866816 0.688747763633728 2
1744396866835 0.6866278648376465 3
1744396866849 0.6852742433547974 4
1744396866862 0.6832575798034668 5
1744396866873 0.6818984150886536 6
1744396866884 0.6812809705734253 7
1744396866896 0.6783579587936401 8
1744396866907 0.6784447431564331 9
1744396866919 0.6761845350265503 10
1744396866929 0.6749210357666016 11
1744396866949 0.6730287075042725 12
1744396866963 0.6705456972122192 13
1744396866978 0.6702316403388977 14
1744396866989 0.6700958609580994 15
