1744396866778 0.5380710363388062 0
1744396866795 0.5989847779273987 1
1744396866810 0.5685279369354248 2
1744396866829 0.5736040472984314 3
1744396866843 0.5583756566047668 4
1744396866856 0.5685279369354248 5
1744396866867 0.5786802172660828 6
1744396866879 0.5634517669677734 7
1744396866891 0.5786802172660828 8
1744396866901 0.5634517669677734 9
1744396866912 0.5685279369354248 10
1744396866924 0.5837563276290894 11
1744396866935 0.5837563276290894 12
1744396866957 0.5888324975967407 13
1744396866969 0.6142131686210632 14
1744396866983 0.5989847779273987 15
