1744886541896 0.545918345451355 0
1744886541914 0.5561224222183228 1
1744886541927 0.5918367505073547 2
1744886541938 0.5918367505073547 3
1744886541949 0.5969387888908386 4
1744886541961 0.5867347121238708 5
1744886541972 0.5969387888908386 6
1744886541984 0.5969387888908386 7
1744886541993 0.5918367505073547 8
1744886542002 0.5969387888908386 9
1744886542015 0.5969387888908386 10
1744886542023 0.6020408272743225 11
1744886542032 0.5918367505073547 12
1744886542041 0.5969387888908386 13
1744886542049 0.5867347121238708 14
1744886542058 0.5918367505073547 15
1744886542065 0.5918367505073547 16
1744886542073 0.5867347121238708 17
1744886542081 0.6122449040412903 18
1744886542090 0.581632673740387 19
