1744886541904 0.6923705339431763 0
1744886541921 0.690324068069458 1
1744886541932 0.6884005665779114 2
1744886541944 0.6861310601234436 3
1744886541956 0.6850237250328064 4
1744886541967 0.6828113198280334 5
1744886541978 0.68148273229599 6
1744886541989 0.6790634393692017 7
1744886541998 0.6765616536140442 8
1744886542010 0.6739363670349121 9
1744886542019 0.6710731983184814 10
1744886542028 0.6691042184829712 11
1744886542036 0.668559730052948 12
1744886542045 0.6680588126182556 13
1744886542053 0.6628940105438232 14
1744886542062 0.6592555642127991 15
1744886542069 0.6578817367553711 16
1744886542077 0.6564158201217651 17
1744886542085 0.6527937054634094 18
1744886542094 0.6551894545555115 19
