1744282321240 0.7309012413024902 0
1744282321251 0.7060991525650024 1
1744282321263 0.6905931830406189 2
1744282321273 0.6890264749526978 3
1744282321284 0.6879259943962097 4
1744282321295 0.6770515441894531 5
1744282321305 0.6778981685638428 6
1744282321315 0.6797159910202026 7
1744282321325 0.6777486205101013 8
1744282321336 0.6720225214958191 9
1744282321346 0.679821252822876 10
1744282321356 0.6628466248512268 11
1744282321366 0.665074348449707 12
1744282321375 0.6711280345916748 13
1744282321385 0.6735926270484924 14
1744282321395 0.6811713576316833 15
1744282321406 0.6757280230522156 16
1744282321415 0.6771379709243774 17
1744282321426 0.6755514144897461 18
1744282321436 0.6711640357971191 19
1744282321447 0.665935218334198 20
1744282321457 0.6544156670570374 21
