1744882474355 0.5583756566047668 0
1744882474382 0.5685279369354248 1
1744882474405 0.5634517669677734 2
1744882474427 0.5634517669677734 3
1744882474445 0.5634517669677734 4
1744882474461 0.5685279369354248 5
1744882474475 0.5685279369354248 6
1744882474490 0.5736040472984314 7
1744882474508 0.5685279369354248 8
1744882474526 0.5634517669677734 9
1744882474544 0.5786802172660828 10
1744882474559 0.5989847779273987 11
1744882474574 0.5837563276290894 12
1744882474589 0.5837563276290894 13
1744882474603 0.5989847779273987 14
1744882474618 0.6142131686210632 15
1744882474632 0.6294416189193726 16
1744882474646 0.5989847779273987 17
1744882474658 0.624365508556366 18
1744882474671 0.6192893385887146 19
1744882474685 0.6192893385887146 20
1744882474698 0.624365508556366 21
1744882474711 0.624365508556366 22
1744882474724 0.6446700692176819 23
1744882474737 0.6395938992500305 24
1744882474751 0.6497461795806885 25
1744882474763 0.6192893385887146 26
