1744882474365 0.6920768618583679 0
1744882474393 0.6872334480285645 1
1744882474417 0.6838836073875427 2
1744882474437 0.6810857057571411 3
1744882474453 0.6775692105293274 4
1744882474468 0.6778786182403564 5
1744882474483 0.6736482977867126 6
1744882474498 0.6765990853309631 7
1744882474517 0.6730466485023499 8
1744882474535 0.671823263168335 9
1744882474552 0.6680158972740173 10
1744882474567 0.6681901216506958 11
1744882474581 0.6740010976791382 12
1744882474596 0.667358934879303 13
1744882474611 0.6657094359397888 14
1744882474625 0.663989245891571 15
1744882474639 0.6572566032409668 16
1744882474652 0.6641057133674622 17
1744882474665 0.6632320284843445 18
1744882474678 0.6527560949325562 19
1744882474691 0.6557657718658447 20
1744882474704 0.6503797173500061 21
1744882474718 0.6555926203727722 22
1744882474731 0.6551201343536377 23
1744882474744 0.6545618772506714 24
1744882474757 0.6437302827835083 25
1744882474770 0.6433736085891724 26
