1744712544466 0.44162437319755554 0
1744712544480 0.5583756566047668 1
1744712544493 0.5837563276290894 2
1744712544506 0.5685279369354248 3
1744712544518 0.5736040472984314 4
1744712544530 0.5634517669677734 5
1744712544543 0.5634517669677734 6
1744712544554 0.5634517669677734 7
1744712544567 0.5634517669677734 8
1744712544580 0.5736040472984314 9
1744712544592 0.5685279369354248 10
1744712544606 0.5634517669677734 11
1744712544619 0.5634517669677734 12
1744712544631 0.5634517669677734 13
1744712544643 0.5736040472984314 14
1744712544656 0.5685279369354248 15
1744712544670 0.5736040472984314 16
1744712544682 0.5736040472984314 17
1744712544694 0.5736040472984314 18
1744712544707 0.5736040472984314 19
1744712544719 0.5685279369354248 20
