1744712544473 0.6938828229904175 0
1744712544487 0.6929931640625 1
1744712544500 0.6924782395362854 2
1744712544512 0.6920225024223328 3
1744712544524 0.691023051738739 4
1744712544537 0.691314697265625 5
1744712544548 0.6907150149345398 6
1744712544559 0.6899853944778442 7
1744712544574 0.6896944046020508 8
1744712544586 0.688805103302002 9
1744712544599 0.6883594989776611 10
1744712544612 0.6877671480178833 11
1744712544625 0.6874608993530273 12
1744712544637 0.6865459680557251 13
1744712544650 0.6856021285057068 14
1744712544663 0.6846073865890503 15
1744712544675 0.6847859621047974 16
1744712544688 0.682648777961731 17
1744712544700 0.6825411319732666 18
1744712544713 0.6817836165428162 19
1744712544725 0.6806268692016602 20
