1744712562249 0.6920866370201111 0
1744712562264 0.6919180154800415 1
1744712562282 0.6906450986862183 2
1744712562297 0.688707709312439 3
1744712562315 0.6883007287979126 4
1744712562328 0.6870768070220947 5
1744712562342 0.6853399276733398 6
1744712562355 0.6850058436393738 7
1744712562368 0.6833328008651733 8
1744712562381 0.6822215914726257 9
1744712562394 0.6806610226631165 10
1744712562406 0.6799521446228027 11
1744712562419 0.6793223023414612 12
1744712562431 0.6780614852905273 13
1744712562444 0.6746896505355835 14
1744712562455 0.6750075221061707 15
1744712562467 0.6735302209854126 16
1744712562480 0.6733556389808655 17
1744712562493 0.6682016849517822 18
1744712562507 0.668731689453125 19
