1744712562242 0.5583756566047668 0
1744712562257 0.5431472063064575 1
1744712562271 0.5431472063064575 2
1744712562290 0.5786802172660828 3
1744712562308 0.5837563276290894 4
1744712562322 0.5583756566047668 5
1744712562335 0.5583756566047668 6
1744712562348 0.5583756566047668 7
1744712562361 0.5583756566047668 8
1744712562375 0.5634517669677734 9
1744712562387 0.5532994866371155 10
1744712562400 0.5583756566047668 11
1744712562413 0.5786802172660828 12
1744712562425 0.5736040472984314 13
1744712562437 0.5583756566047668 14
1744712562450 0.5736040472984314 15
1744712562461 0.5634517669677734 16
1744712562473 0.5939086079597473 17
1744712562486 0.6040608882904053 18
1744712562500 0.5888324975967407 19
