1744713073683 0.5685279369354248 0
1744713073700 0.5583756566047668 1
1744713073717 0.5532994866371155 2
1744713073742 0.5634517669677734 3
1744713073772 0.5786802172660828 4
1744713073788 0.5786802172660828 5
1744713073804 0.5786802172660828 6
1744713073820 0.5837563276290894 7
1744713073833 0.5939086079597473 8
1744713073846 0.5989847779273987 9
1744713073862 0.5888324975967407 10
1744713073879 0.5939086079597473 11
1744713073895 0.5939086079597473 12
1744713073907 0.5939086079597473 13
1744713073920 0.5888324975967407 14
1744713073932 0.5939086079597473 15
1744713073943 0.5989847779273987 16
1744713073956 0.6040608882904053 17
1744713073967 0.5939086079597473 18
