1744713073690 0.6924275159835815 0
1744713073709 0.6896512508392334 1
1744713073734 0.6872936487197876 2
1744713073756 0.6852306723594666 3
1744713073780 0.6824657320976257 4
1744713073794 0.679989218711853 5
1744713073813 0.6780911087989807 6
1744713073826 0.6751599907875061 7
1744713073840 0.6733357906341553 8
1744713073852 0.6725779175758362 9
1744713073870 0.6702883243560791 10
1744713073887 0.6693664193153381 11
1744713073901 0.6685360074043274 12
1744713073914 0.6672773957252502 13
1744713073926 0.6664395928382874 14
1744713073938 0.6651203036308289 15
1744713073949 0.6638964414596558 16
1744713073961 0.663533091545105 17
1744713073975 0.6624823808670044 18
