1744397084989 0.6936202645301819 0
1744397085002 0.693423330783844 1
1744397085012 0.69313645362854 2
1744397085023 0.6932790279388428 3
1744397085032 0.6930060982704163 4
1744397085043 0.6927908658981323 5
1744397085053 0.6929623484611511 6
1744397085064 0.6924383640289307 7
1744397085077 0.6925737261772156 8
1744397085087 0.692664623260498 9
1744397085098 0.6925220489501953 10
1744397085108 0.6919364333152771 11
1744397085118 0.6918267607688904 12
1744397085129 0.6922182440757751 13
1744397085138 0.6920584440231323 14
1744397085149 0.692022979259491 15
1744397085159 0.6918222904205322 16
1744397085168 0.6918317675590515 17
1744397085178 0.6913949251174927 18
1744397085195 0.69138503074646 19
1744397085209 0.6917493939399719 20
1744397085222 0.6915131211280823 21
