1744397084983 0.4822334945201874 0
1744397084997 0.4720812141895294 1
1744397085007 0.48730963468551636 2
1744397085017 0.4822334945201874 3
1744397085027 0.5329949259757996 4
1744397085038 0.5126903653144836 5
1744397085048 0.5685279369354248 6
1744397085059 0.5532994866371155 7
1744397085069 0.5532994866371155 8
1744397085083 0.5532994866371155 9
1744397085093 0.5482233762741089 10
1744397085102 0.6040608882904053 11
1744397085113 0.5888324975967407 12
1744397085123 0.5736040472984314 13
1744397085134 0.5837563276290894 14
1744397085144 0.5634517669677734 15
1744397085154 0.5786802172660828 16
1744397085163 0.5888324975967407 17
1744397085173 0.5837563276290894 18
1744397085188 0.5736040472984314 19
1744397085202 0.5888324975967407 20
1744397085216 0.5786802172660828 21
