1744882045108 0.5532994866371155 0
1744882045126 0.5634517669677734 1
1744882045141 0.5634517669677734 2
1744882045156 0.5634517669677734 3
1744882045174 0.5634517669677734 4
1744882045189 0.5634517669677734 5
1744882045204 0.5634517669677734 6
1744882045218 0.5634517669677734 7
1744882045233 0.5634517669677734 8
1744882045248 0.5634517669677734 9
1744882045262 0.5634517669677734 10
1744882045277 0.5634517669677734 11
1744882045293 0.5634517669677734 12
1744882045311 0.5634517669677734 13
1744882045325 0.5634517669677734 14
1744882045340 0.5634517669677734 15
1744882045355 0.5634517669677734 16
1744882045373 0.5634517669677734 17
1744882045387 0.5634517669677734 18
