1744886696341 0.4693877696990967 0
1744886696397 0.5561224222183228 1
1744886696468 0.5765306353569031 2
1744886696495 0.545918345451355 3
1744886696514 0.5561224222183228 4
1744886696528 0.5918367505073547 5
1744886696544 0.5663265585899353 6
1744886696564 0.581632673740387 7
1744886696573 0.6020408272743225 8
1744886696582 0.6071428656578064 9
1744886696591 0.6071428656578064 10
1744886696602 0.5714285969734192 11
1744886696610 0.5867347121238708 12
1744886696618 0.5969387888908386 13
1744886696626 0.6071428656578064 14
1744886696635 0.6071428656578064 15
1744886696644 0.6173469424247742 16
1744886696653 0.6224489808082581 17
1744886696661 0.5969387888908386 18
1744886696669 0.6122449040412903 19
