1744282156225 0.48469388484954834 0
1744282156246 0.5357142686843872 1
1744282156257 0.5051020383834839 2
1744282156273 0.4948979616165161 3
1744282156284 0.4693877696990967 4
1744282156296 0.5 5
1744282156307 0.4897959232330322 6
1744282156319 0.47448980808258057 7
1744282156335 0.5 8
1744282156351 0.4642857015132904 9
1744282156364 0.5255101919174194 10
1744282156382 0.48469388484954834 11
1744282156395 0.5153061151504517 12
1744282156407 0.5561224222183228 13
1744282156418 0.5357142686843872 14
1744282156431 0.4897959232330322 15
1744282156443 0.5714285969734192 16
1744282156458 0.5408163070678711 17
1744282156470 0.5714285969734192 18
1744282156481 0.4948979616165161 19
1744282156492 0.5918367505073547 20
1744282156502 0.5153061151504517 21
1744282156513 0.5612244606018066 22
1744282156524 0.5612244606018066 23
1744282156534 0.5306122303009033 24
1744282156545 0.5255101919174194 25
1744282156556 0.5357142686843872 26
