1744282156231 0.7169223427772522 0
1744282156251 0.6941820979118347 1
1744282156263 0.7061129212379456 2
1744282156279 0.7055943608283997 3
1744282156290 0.7206260561943054 4
1744282156301 0.6916376352310181 5
1744282156313 0.7070618271827698 6
1744282156328 0.7096073627471924 7
1744282156342 0.6938287615776062 8
1744282156357 0.7071091532707214 9
1744282156373 0.7128323316574097 10
1744282156389 0.7094533443450928 11
1744282156401 0.6910224556922913 12
1744282156413 0.7056676149368286 13
1744282156425 0.6910397410392761 14
1744282156437 0.71035236120224 15
1744282156452 0.6970588564872742 16
1744282156464 0.6810491681098938 17
1744282156476 0.687772810459137 18
1744282156487 0.7014483213424683 19
1744282156497 0.6798214316368103 20
1744282156508 0.6925896406173706 21
1744282156519 0.68410724401474 22
1744282156529 0.6864199638366699 23
1744282156540 0.682181715965271 24
1744282156551 0.6885966062545776 25
1744282156561 0.6831832528114319 26
