1744712808821 0.6923364996910095 0
1744712808834 0.6923574805259705 1
1744712808846 0.6922005414962769 2
1744712808858 0.690748393535614 3
1744712808870 0.6904341578483582 4
1744712808881 0.6903153657913208 5
1744712808893 0.6903600692749023 6
1744712808905 0.6896352767944336 7
1744712808917 0.6891128420829773 8
1744712808929 0.688872754573822 9
1744712808941 0.6880891919136047 10
1744712808952 0.6880146861076355 11
1744712808964 0.6869223117828369 12
1744712808985 0.6876620650291443 13
1744712808997 0.6857612133026123 14
1744712809009 0.6856268048286438 15
1744712809021 0.6857379674911499 16
1744712809042 0.6848992705345154 17
1744712809055 0.6823807954788208 18
1744712809066 0.6845700144767761 19
1744712809078 0.6847216486930847 20
