1744712808814 0.49238577485084534 0
1744712808828 0.49238577485084534 1
1744712808840 0.5380710363388062 2
1744712808852 0.5736040472984314 3
1744712808864 0.5837563276290894 4
1744712808876 0.5482233762741089 5
1744712808887 0.5685279369354248 6
1744712808899 0.5634517669677734 7
1744712808911 0.5786802172660828 8
1744712808923 0.5583756566047668 9
1744712808935 0.5634517669677734 10
1744712808946 0.5380710363388062 11
1744712808958 0.5634517669677734 12
1744712808979 0.5634517669677734 13
1744712808991 0.5685279369354248 14
1744712809004 0.5736040472984314 15
1744712809015 0.5634517669677734 16
1744712809027 0.5634517669677734 17
1744712809049 0.5786802172660828 18
1744712809060 0.5736040472984314 19
1744712809072 0.5736040472984314 20
