1744712528025 0.4568527936935425 0
1744712528044 0.5177664756774902 1
1744712528057 0.4974619150161743 2
1744712528074 0.5126903653144836 3
1744712528087 0.5329949259757996 4
1744712528100 0.5431472063064575 5
1744712528112 0.5482233762741089 6
1744712528125 0.5583756566047668 7
1744712528137 0.5634517669677734 8
1744712528148 0.5786802172660828 9
1744712528160 0.5837563276290894 10
1744712528172 0.5837563276290894 11
1744712528185 0.5685279369354248 12
1744712528197 0.5685279369354248 13
1744712528210 0.5736040472984314 14
1744712528221 0.5736040472984314 15
1744712528233 0.5786802172660828 16
1744712528246 0.5685279369354248 17
1744712528259 0.5685279369354248 18
1744712528272 0.5685279369354248 19
1744712528285 0.5685279369354248 20
1744712528297 0.5685279369354248 21
1744712528314 0.5685279369354248 22
1744712528327 0.5685279369354248 23
1744712528344 0.5685279369354248 24
1744712528363 0.5685279369354248 25
1744712528381 0.5736040472984314 26
1744712528399 0.5736040472984314 27
1744712528415 0.5736040472984314 28
