1743762671320 0.739214301109314 0
1743762671334 0.6852238178253174 1
1743762671346 0.6486993432044983 2
1743762671356 0.6472954154014587 3
1743762671367 0.6313124299049377 4
1743762671377 0.6555029153823853 5
1743762671386 0.6463830471038818 6
1743762671397 0.6506837606430054 7
1743762671407 0.6057613492012024 8
1743762671417 0.6155518293380737 9
1743762671427 0.6113098859786987 10
1743762671436 0.5751490592956543 11
1743762671446 0.6330165863037109 12
1743762671456 0.6052821278572083 13
1743762671465 0.5969201922416687 14
1743762671474 0.6267984509468079 15
1743762671483 0.5858558416366577 16
1743762671493 0.5899209976196289 17
1743762671503 0.591484010219574 18
1743762671512 0.6146216988563538 19
