1744886439803 0.5 0
1744886439811 0.5969387888908386 1
1744886439826 0.5969387888908386 2
1744886439838 0.5867347121238708 3
1744886439847 0.5969387888908386 4
1744886439855 0.6020408272743225 5
1744886439868 0.6020408272743225 6
1744886439877 0.5969387888908386 7
1744886439885 0.5918367505073547 8
1744886439894 0.6224489808082581 9
1744886439906 0.6173469424247742 10
1744886439915 0.5969387888908386 11
1744886439931 0.6122449040412903 12
1744886439939 0.6122449040412903 13
1744886439947 0.6122449040412903 14
1744886439955 0.5969387888908386 15
1744886439963 0.6173469424247742 16
1744886439973 0.6173469424247742 17
1744886439982 0.6071428656578064 18
1744886439990 0.6275510191917419 19
1744886439998 0.6071428656578064 20
1744886440006 0.6122449040412903 21
1744886440014 0.6071428656578064 22
1744886440023 0.6224489808082581 23
1744886440032 0.6173469424247742 24
1744886440041 0.6122449040412903 25
1744886440050 0.6224489808082581 26
1744886440058 0.5969387888908386 27
1744886440066 0.6173469424247742 28
1744886440074 0.6122449040412903 29
