1744886439807 0.6927490234375 0
1744886439815 0.6905385255813599 1
1744886439831 0.6890866756439209 2
1744886439843 0.6872360110282898 3
1744886439851 0.6848552227020264 4
1744886439860 0.6837964653968811 5
1744886439873 0.6821495890617371 6
1744886439881 0.679900586605072 7
1744886439889 0.6783258318901062 8
1744886439899 0.6759113669395447 9
1744886439911 0.6743718385696411 10
1744886439927 0.6730868816375732 11
1744886439935 0.6714417338371277 12
1744886439943 0.6689743399620056 13
1744886439951 0.6685290932655334 14
1744886439959 0.665471076965332 15
1744886439968 0.664125382900238 16
1744886439978 0.6652198433876038 17
1744886439986 0.6624230146408081 18
1744886439994 0.6625488996505737 19
1744886440002 0.6600738763809204 20
1744886440010 0.659867525100708 21
1744886440018 0.65862637758255 22
1744886440027 0.6583930850028992 23
1744886440037 0.6548932194709778 24
1744886440046 0.6565488576889038 25
1744886440054 0.6568465828895569 26
1744886440062 0.6558253765106201 27
1744886440070 0.6548802852630615 28
1744886440078 0.6508812308311462 29
