1744281842576 0.5663265585899353 0
1744281842588 0.5663265585899353 1
1744281842600 0.5765306353569031 2
1744281842611 0.5867347121238708 3
1744281842622 0.5867347121238708 4
1744281842634 0.5867347121238708 5
1744281842644 0.581632673740387 6
1744281842655 0.5714285969734192 7
1744281842664 0.5765306353569031 8
1744281842673 0.5765306353569031 9
1744281842683 0.5765306353569031 10
1744281842692 0.5714285969734192 11
1744281842701 0.5714285969734192 12
1744281842710 0.5714285969734192 13
1744281842719 0.5765306353569031 14
