1744886293495 0.5867347121238708 0
1744886293505 0.5765306353569031 1
1744886293523 0.5867347121238708 2
1744886293533 0.5561224222183228 3
1744886293543 0.581632673740387 4
1744886293551 0.5612244606018066 5
1744886293560 0.5714285969734192 6
1744886293567 0.5408163070678711 7
1744886293575 0.6224489808082581 8
1744886293584 0.5714285969734192 9
1744886293593 0.6224489808082581 10
1744886293602 0.6530612111091614 11
1744886293612 0.6071428656578064 12
1744886293620 0.5765306353569031 13
1744886293629 0.6020408272743225 14
1744886293638 0.6224489808082581 15
1744886293647 0.6020408272743225 16
1744886293656 0.6224489808082581 17
1744886293664 0.5612244606018066 18
1744886293673 0.5918367505073547 19
