1744886293501 0.6916834712028503 0
1744886293518 0.6913789510726929 1
1744886293528 0.6908594369888306 2
1744886293538 0.6917340755462646 3
1744886293547 0.6915298700332642 4
1744886293555 0.6910383105278015 5
1744886293563 0.6904665231704712 6
1744886293571 0.6905618906021118 7
1744886293580 0.690295934677124 8
1744886293588 0.6915006637573242 9
1744886293598 0.6897878646850586 10
1744886293607 0.6893773078918457 11
1744886293616 0.689734697341919 12
1744886293625 0.6909141540527344 13
1744886293634 0.6895883679389954 14
1744886293643 0.688653826713562 15
1744886293652 0.6892826557159424 16
1744886293660 0.6879113912582397 17
1744886293668 0.6900075674057007 18
1744886293677 0.6889442205429077 19
