1744886449951 0.5255101919174194 0
1744886449975 0.5408163070678711 1
1744886449990 0.5102040767669678 2
1744886450004 0.545918345451355 3
1744886450016 0.5765306353569031 4
1744886450034 0.5918367505073547 5
1744886450047 0.5969387888908386 6
1744886450059 0.5969387888908386 7
1744886450068 0.5663265585899353 8
1744886450079 0.581632673740387 9
1744886450089 0.5969387888908386 10
1744886450098 0.5867347121238708 11
1744886450112 0.581632673740387 12
1744886450124 0.5969387888908386 13
1744886450137 0.5867347121238708 14
1744886450150 0.6071428656578064 15
1744886450160 0.5663265585899353 16
1744886450170 0.6122449040412903 17
1744886450179 0.581632673740387 18
1744886450189 0.5918367505073547 19
1744886450204 0.6020408272743225 20
