1744711466000 0.6145833134651184 0
1744711466017 0.6145833134651184 1
1744711466034 0.6145833134651184 2
1744711466048 0.6145833134651184 3
1744711466065 0.6145833134651184 4
1744711466085 0.6145833134651184 5
1744711466106 0.6145833134651184 6
1744711466124 0.6145833134651184 7
1744711466142 0.6145833134651184 8
1744711466157 0.6145833134651184 9
1744711466177 0.6145833134651184 10
1744711466196 0.6145833134651184 11
1744711466210 0.6354166865348816 12
1744711466224 0.625 13
1744711466241 0.6145833134651184 14
1744711466258 0.625 15
1744711466276 0.6041666865348816 16
1744711466296 0.6302083134651184 17
1744711466313 0.609375 18
