1744711466009 0.6736829876899719 0
1744711466026 0.6670832633972168 1
1744711466041 0.6641023755073547 2
1744711466057 0.6595934629440308 3
1744711466077 0.6571438908576965 4
1744711466095 0.65537029504776 5
1744711466115 0.6544037461280823 6
1744711466134 0.6529622077941895 7
1744711466150 0.655071496963501 8
1744711466168 0.6562183499336243 9
1744711466189 0.6531022191047668 10
1744711466203 0.6514924764633179 11
1744711466217 0.6583879590034485 12
1744711466232 0.6520664095878601 13
1744711466249 0.6507691740989685 14
1744711466268 0.6548423171043396 15
1744711466284 0.6527180671691895 16
1744711466305 0.6489706635475159 17
1744711466321 0.6572502255439758 18
