1743763089044 0.6521739363670349 0
1743763089055 0.5652173757553101 1
1743763089066 0.5652173757553101 2
1743763089084 0.6521739363670349 3
1743763089095 0.47826087474823 4
1743763089109 0.5652173757553101 5
1743763089120 0.739130437374115 6
1743763089130 0.6086956262588501 7
1743763089141 0.5652173757553101 8
1743763089151 0.52173912525177 9
1743763089162 0.739130437374115 10
1743763089172 0.6086956262588501 11
1743763089183 0.739130437374115 12
1743763089194 0.5652173757553101 13
1743763089204 0.6086956262588501 14
1743763089214 0.5652173757553101 15
1743763089225 0.6086956262588501 16
1743763089235 0.52173912525177 17
1743763089245 0.739130437374115 18
1743763089255 0.782608687877655 19
1743763089264 0.782608687877655 20
1743763089275 0.695652186870575 21
1743763089286 0.695652186870575 22
1743763089297 0.52173912525177 23
1743763089307 0.739130437374115 24
1743763089318 0.695652186870575 25
1743763089328 0.695652186870575 26
1743763089339 0.782608687877655 27
1743763089348 0.6086956262588501 28
