1744400837623 0.546875 0
1744400837636 0.6041666865348816 1
1744400837647 0.609375 2
1744400837657 0.625 3
1744400837679 0.6302083134651184 4
1744400837691 0.625 5
1744400837703 0.6302083134651184 6
1744400837714 0.640625 7
1744400837726 0.6354166865348816 8
1744400837737 0.640625 9
1744400837748 0.640625 10
1744400837760 0.6510416865348816 11
1744400837772 0.6614583134651184 12
1744400837783 0.65625 13
1744400837795 0.65625 14
1744400837807 0.65625 15
1744400837818 0.6510416865348816 16
1744400837829 0.6510416865348816 17
1744400837841 0.6510416865348816 18
