1744400837630 0.6882615685462952 0
1744400837641 0.6818580627441406 1
1744400837652 0.6741197109222412 2
1744400837673 0.6694002151489258 3
1744400837685 0.6657581925392151 4
1744400837697 0.6632216572761536 5
1744400837709 0.6596021056175232 6
1744400837720 0.6576240658760071 7
1744400837731 0.6555883884429932 8
1744400837743 0.6533485651016235 9
1744400837754 0.6515362858772278 10
1744400837766 0.6499050259590149 11
1744400837778 0.6487701535224915 12
1744400837789 0.6477481722831726 13
1744400837801 0.6461166739463806 14
1744400837813 0.6448362469673157 15
1744400837824 0.6436471343040466 16
1744400837835 0.6426527500152588 17
1744400837847 0.6421154141426086 18
