1744886466691 0.6917997598648071 0
1744886466701 0.6899825930595398 1
1744886466710 0.6881744265556335 2
1744886466719 0.6865392327308655 3
1744886466728 0.6839398145675659 4
1744886466737 0.6824572086334229 5
1744886466746 0.680573046207428 6
1744886466755 0.6785290241241455 7
1744886466764 0.678102433681488 8
1744886466773 0.6760408282279968 9
1744886466782 0.6734412908554077 10
1744886466790 0.672874927520752 11
1744886466798 0.6691490411758423 12
1744886466807 0.668400764465332 13
1744886466816 0.6644219160079956 14
1744886466828 0.6651793718338013 15
1744886466838 0.6615809202194214 16
1744886466847 0.6629392504692078 17
1744886466856 0.6568219065666199 18
