1744401926240 0.7261672616004944 0
1744401926250 0.7242758870124817 1
1744401926261 0.6944223046302795 2
1744401926272 0.6871342658996582 3
1744401926282 0.6657545566558838 4
1744401926293 0.6642405390739441 5
1744401926303 0.6435421109199524 6
1744401926313 0.6320655345916748 7
1744401926324 0.6368204951286316 8
1744401926334 0.6707372069358826 9
1744401926345 0.6381463408470154 10
1744401926359 0.6373352408409119 11
1744401926372 0.6366198658943176 12
1744401926385 0.6249180436134338 13
1744401926399 0.6201936602592468 14
1744401926410 0.6275245547294617 15
1744401926420 0.6469103693962097 16
