1744401926235 0.53125 0
1744401926245 0.515625 1
1744401926256 0.5260416865348816 2
1744401926266 0.5260416865348816 3
1744401926277 0.578125 4
1744401926287 0.5572916865348816 5
1744401926298 0.6197916865348816 6
1744401926308 0.625 7
1744401926319 0.625 8
1744401926329 0.5729166865348816 9
1744401926339 0.6354166865348816 10
1744401926352 0.640625 11
1744401926365 0.6510416865348816 12
1744401926379 0.6510416865348816 13
1744401926392 0.671875 14
1744401926405 0.6614583134651184 15
1744401926415 0.6875 16
