1744881928251 0.5126903653144836 0
1744881928266 0.5685279369354248 1
1744881928284 0.5786802172660828 2
1744881928298 0.5685279369354248 3
1744881928312 0.5685279369354248 4
1744881928325 0.5837563276290894 5
1744881928338 0.5939086079597473 6
1744881928351 0.5989847779273987 7
1744881928364 0.624365508556366 8
1744881928376 0.6192893385887146 9
1744881928389 0.5837563276290894 10
1744881928401 0.6040608882904053 11
1744881928414 0.6040608882904053 12
1744881928429 0.6142131686210632 13
1744881928442 0.6294416189193726 14
1744881928454 0.6294416189193726 15
1744881928466 0.6142131686210632 16
1744881928479 0.624365508556366 17
1744881928491 0.6192893385887146 18
1744881928504 0.6345177888870239 19
1744881928516 0.6345177888870239 20
1744881928528 0.6395938992500305 21
1744881928541 0.6294416189193726 22
1744881928553 0.624365508556366 23
1744881928566 0.6294416189193726 24
1744881928581 0.6446700692176819 25
1744881928594 0.6497461795806885 26
1744881928607 0.6598984599113464 27
1744881928619 0.6548223495483398 28
1744881928632 0.6497461795806885 29
