1744881928259 0.6929789185523987 0
1744881928276 0.690449059009552 1
1744881928291 0.6888516545295715 2
1744881928305 0.6863898038864136 3
1744881928318 0.6826317310333252 4
1744881928332 0.6780470013618469 5
1744881928344 0.6735444068908691 6
1744881928357 0.6696686148643494 7
1744881928370 0.6663684248924255 8
1744881928382 0.6666975617408752 9
1744881928395 0.6639072895050049 10
1744881928407 0.6592341661453247 11
1744881928422 0.6573888063430786 12
1744881928435 0.6545762419700623 13
1744881928448 0.651048481464386 14
1744881928460 0.6492595076560974 15
1744881928473 0.64702969789505 16
1744881928485 0.6466288566589355 17
1744881928498 0.6443583965301514 18
1744881928510 0.6425731182098389 19
1744881928522 0.6400969624519348 20
1744881928535 0.6418581008911133 21
1744881928547 0.639764130115509 22
1744881928560 0.6366047859191895 23
1744881928575 0.6346412897109985 24
1744881928587 0.6311463117599487 25
1744881928600 0.6299601197242737 26
1744881928613 0.6282954216003418 27
1744881928626 0.6265192031860352 28
1744881928638 0.6237421035766602 29
