1744881803134 0.4517766535282135 0
1744881803147 0.4974619150161743 1
1744881803160 0.5177664756774902 2
1744881803177 0.5532994866371155 3
1744881803190 0.5634517669677734 4
1744881803203 0.5634517669677734 5
1744881803215 0.5939086079597473 6
1744881803228 0.5888324975967407 7
1744881803241 0.5583756566047668 8
1744881803253 0.5888324975967407 9
1744881803266 0.5939086079597473 10
1744881803278 0.5837563276290894 11
1744881803291 0.5837563276290894 12
1744881803304 0.5939086079597473 13
1744881803318 0.5939086079597473 14
1744881803330 0.5837563276290894 15
1744881803343 0.5888324975967407 16
1744881803355 0.5736040472984314 17
1744881803368 0.5634517669677734 18
1744881803380 0.5837563276290894 19
1744881803393 0.5837563276290894 20
1744881803406 0.5837563276290894 21
1744881803418 0.5939086079597473 22
1744881803431 0.5837563276290894 23
