1744881803141 0.6935908794403076 0
1744881803154 0.693480372428894 1
1744881803166 0.6929989457130432 2
1744881803184 0.6927038431167603 3
1744881803196 0.6924974322319031 4
1744881803209 0.6925947070121765 5
1744881803221 0.6917110681533813 6
1744881803234 0.691730797290802 7
1744881803247 0.6919317841529846 8
1744881803260 0.6917321085929871 9
1744881803272 0.6911963224411011 10
1744881803285 0.6912599205970764 11
1744881803298 0.6909134984016418 12
1744881803311 0.6903603076934814 13
1744881803324 0.6899588108062744 14
1744881803336 0.6904157400131226 15
1744881803349 0.6896470785140991 16
1744881803361 0.6903089880943298 17
1744881803374 0.6897042989730835 18
1744881803387 0.6893051266670227 19
1744881803399 0.689728319644928 20
1744881803412 0.6893952488899231 21
1744881803425 0.6875758171081543 22
1744881803437 0.6879207491874695 23
