1744712326229 0.6938204169273376 0
1744712326240 0.6921956539154053 1
1744712326249 0.6920954585075378 2
1744712326260 0.6900388598442078 3
1744712326269 0.6905449628829956 4
1744712326279 0.689205527305603 5
1744712326288 0.6883689761161804 6
1744712326296 0.6877645254135132 7
1744712326304 0.6871326565742493 8
1744712326315 0.6870190501213074 9
1744712326325 0.6861748695373535 10
1744712326334 0.686418890953064 11
1744712326343 0.6850694417953491 12
1744712326352 0.6848887205123901 13
1744712326361 0.6837260723114014 14
1744712326370 0.6829515099525452 15
