1744712326224 0.4720812141895294 0
1744712326234 0.5837563276290894 1
1744712326245 0.5583756566047668 2
1744712326255 0.5888324975967407 3
1744712326264 0.5786802172660828 4
1744712326274 0.6091370582580566 5
1744712326283 0.5989847779273987 6
1744712326292 0.5939086079597473 7
1744712326300 0.5837563276290894 8
1744712326310 0.5736040472984314 9
1744712326320 0.5989847779273987 10
1744712326329 0.5837563276290894 11
1744712326338 0.5786802172660828 12
1744712326348 0.5634517669677734 13
1744712326356 0.5786802172660828 14
1744712326366 0.5786802172660828 15
