1744279969364 0.6990770697593689 0
1744279969377 0.7042772769927979 1
1744279969389 0.705213189125061 2
1744279969401 0.693515956401825 3
1744279969417 0.6995719075202942 4
1744279969435 0.6962612867355347 5
1744279969449 0.6946373581886292 6
1744279969465 0.6868487596511841 7
1744279969479 0.6961872577667236 8
1744279969493 0.6894582509994507 9
1744279969508 0.7029739022254944 10
1744279969520 0.6917132139205933 11
1744279969534 0.6937887072563171 12
1744279969549 0.6983351707458496 13
1744279969564 0.6834167242050171 14
1744279969578 0.693778395652771 15
1744279969591 0.677672803401947 16
