1744279969356 0.5255101919174194 0
1744279969370 0.5 1
1744279969383 0.4897959232330322 2
1744279969395 0.5408163070678711 3
1744279969410 0.5255101919174194 4
1744279969427 0.5408163070678711 5
1744279969442 0.5408163070678711 6
1744279969458 0.5561224222183228 7
1744279969473 0.545918345451355 8
1744279969486 0.5765306353569031 9
1744279969500 0.47959184646606445 10
1744279969514 0.5561224222183228 11
1744279969527 0.5510203838348389 12
1744279969542 0.5153061151504517 13
1744279969558 0.5255101919174194 14
1744279969571 0.5408163070678711 15
1744279969584 0.5765306353569031 16
