1744367897605 0.6924582719802856 0
1744367897617 0.6927353739738464 1
1744367897626 0.6922998428344727 2
1744367897639 0.6922563314437866 3
1744367897647 0.6922997832298279 4
1744367897655 0.6916412711143494 5
1744367897663 0.6914883255958557 6
1744367897671 0.691409707069397 7
1744367897679 0.6910009980201721 8
1744367897687 0.6909844279289246 9
1744367897695 0.6911044716835022 10
1744367897704 0.6910805702209473 11
1744367897711 0.6917489171028137 12
1744367897720 0.6910966038703918 13
1744367897728 0.6907365918159485 14
1744367897736 0.6907904744148254 15
1744367897744 0.6904459595680237 16
1744367897752 0.6900379657745361 17
1744367897760 0.6908558011054993 18
1744367897768 0.6895400881767273 19
1744367897776 0.6895046830177307 20
1744367897784 0.6892505884170532 21
1744367897793 0.6896544098854065 22
1744367897800 0.6892887353897095 23
1744367897809 0.6891251802444458 24
1744367897817 0.6886358857154846 25
1744367897825 0.6888155937194824 26
1744367897833 0.6889421343803406 27
1744367897841 0.6885372996330261 28
1744367897849 0.6881090402603149 29
