1744367897599 0.5228426456451416 0
1744367897613 0.5329949259757996 1
1744367897622 0.5279187560081482 2
1744367897630 0.5279187560081482 3
1744367897643 0.4974619150161743 4
1744367897651 0.5685279369354248 5
1744367897659 0.5888324975967407 6
1744367897667 0.5685279369354248 7
1744367897675 0.6142131686210632 8
1744367897683 0.5837563276290894 9
1744367897691 0.5736040472984314 10
1744367897700 0.5685279369354248 11
1744367897707 0.5482233762741089 12
1744367897715 0.5786802172660828 13
1744367897724 0.5634517669677734 14
1744367897732 0.5685279369354248 15
1744367897740 0.5634517669677734 16
1744367897748 0.5888324975967407 17
1744367897756 0.5634517669677734 18
1744367897764 0.5837563276290894 19
1744367897772 0.5685279369354248 20
1744367897780 0.5837563276290894 21
1744367897789 0.5634517669677734 22
1744367897796 0.5685279369354248 23
1744367897804 0.5939086079597473 24
1744367897813 0.5583756566047668 25
1744367897821 0.5837563276290894 26
1744367897829 0.5634517669677734 27
1744367897837 0.5837563276290894 28
1744367897846 0.6142131686210632 29
