1744711557600 0.6930843591690063 0
1744711557621 0.6913461685180664 1
1744711557656 0.6893985271453857 2
1744711557669 0.6870113611221313 3
1744711557680 0.6851584911346436 4
1744711557700 0.6842201948165894 5
1744711557722 0.6809273958206177 6
1744711557740 0.6813497543334961 7
1744711557754 0.6779016852378845 8
1744711557768 0.6760563850402832 9
1744711557779 0.6777982711791992 10
1744711557789 0.6763275265693665 11
1744711557801 0.6767363548278809 12
1744711557810 0.669911801815033 13
1744711557820 0.6698194146156311 14
1744711557832 0.6706714034080505 15
1744711557843 0.6695247888565063 16
