1744711557591 0.4974619150161743 0
1744711557612 0.5736040472984314 1
1744711557626 0.5736040472984314 2
1744711557662 0.5786802172660828 3
1744711557674 0.5685279369354248 4
1744711557689 0.5685279369354248 5
1744711557716 0.5736040472984314 6
1744711557734 0.5482233762741089 7
1744711557746 0.5532994866371155 8
1744711557761 0.5736040472984314 9
1744711557773 0.5736040472984314 10
1744711557785 0.5736040472984314 11
1744711557795 0.5786802172660828 12
1744711557806 0.5837563276290894 13
1744711557815 0.5939086079597473 14
1744711557826 0.5786802172660828 15
1744711557838 0.5837563276290894 16
