1744712742229 0.6934354305267334 0
1744712742242 0.6920179128646851 1
1744712742253 0.6907423138618469 2
1744712742264 0.6897081136703491 3
1744712742276 0.6884971857070923 4
1744712742288 0.6873778700828552 5
1744712742299 0.6863092184066772 6
1744712742311 0.6850391030311584 7
1744712742323 0.6837210655212402 8
1744712742334 0.6824586391448975 9
1744712742345 0.6809472441673279 10
1744712742356 0.6799669861793518 11
1744712742368 0.6787933707237244 12
1744712742380 0.6779085993766785 13
1744712742391 0.6768587231636047 14
1744712742402 0.6760205030441284 15
1744712742413 0.6754558682441711 16
1744712742426 0.6742002367973328 17
1744712742438 0.673362672328949 18
1744712742449 0.6727132201194763 19
1744712742461 0.6720507740974426 20
1744712742472 0.670937180519104 21
1744712742483 0.6703692078590393 22
