1744881560003 0.5329949259757996 0
1744881560029 0.5634517669677734 1
1744881560042 0.5685279369354248 2
1744881560054 0.5634517669677734 3
1744881560067 0.5685279369354248 4
1744881560079 0.5685279369354248 5
1744881560092 0.5685279369354248 6
1744881560104 0.5685279369354248 7
1744881560117 0.5685279369354248 8
1744881560141 0.5685279369354248 9
1744881560153 0.5634517669677734 10
1744881560165 0.5685279369354248 11
1744881560177 0.5685279369354248 12
1744881560193 0.5837563276290894 13
1744881560206 0.5888324975967407 14
1744881560219 0.5888324975967407 15
1744881560233 0.5837563276290894 16
1744881560246 0.6040608882904053 17
1744881560262 0.5888324975967407 18
1744881560275 0.6142131686210632 19
1744881560287 0.624365508556366 20
1744881560299 0.5989847779273987 21
1744881560311 0.6091370582580566 22
1744881560323 0.5888324975967407 23
1744881560335 0.6395938992500305 24
1744881560347 0.6142131686210632 25
1744881560359 0.6497461795806885 26
1744881560371 0.6142131686210632 27
1744881560383 0.624365508556366 28
1744881560395 0.6192893385887146 29
