1744881560011 0.6925597190856934 0
1744881560036 0.6911067366600037 1
1744881560048 0.6878328323364258 2
1744881560061 0.6885552406311035 3
1744881560073 0.6867977380752563 4
1744881560086 0.6852913498878479 5
1744881560098 0.6857128143310547 6
1744881560110 0.6829983592033386 7
1744881560134 0.6809095740318298 8
1744881560147 0.6809348464012146 9
1744881560159 0.6770025491714478 10
1744881560172 0.684337854385376 11
1744881560184 0.6799514889717102 12
1744881560200 0.6760680675506592 13
1744881560213 0.6752364039421082 14
1744881560227 0.6747076511383057 15
1744881560240 0.6701958179473877 16
1744881560254 0.6767889261245728 17
1744881560268 0.6685683131217957 18
1744881560281 0.6658097505569458 19
1744881560293 0.6683247089385986 20
1744881560305 0.6649116277694702 21
1744881560317 0.6624852418899536 22
1744881560329 0.6616839170455933 23
1744881560341 0.6643205285072327 24
1744881560353 0.6645705103874207 25
1744881560365 0.6543349623680115 26
1744881560377 0.664284884929657 27
1744881560389 0.6537196040153503 28
1744881560401 0.6636623740196228 29
