1744401917706 0.7329978346824646 0
1744401917717 0.6788018345832825 1
1744401917728 0.6821538805961609 2
1744401917739 0.6871036887168884 3
1744401917751 0.6589516401290894 4
1744401917763 0.6613323092460632 5
1744401917774 0.6638345122337341 6
1744401917785 0.6426581740379333 7
1744401917795 0.6340586543083191 8
1744401917806 0.6494754552841187 9
1744401917818 0.6516799926757812 10
1744401917828 0.6369449496269226 11
1744401917840 0.6351511478424072 12
1744401917851 0.6375194191932678 13
1744401917862 0.6347888708114624 14
1744401917873 0.6342177987098694 15
1744401917884 0.6379840970039368 16
1744401917896 0.5990405678749084 17
