1744401917701 0.4739583432674408 0
1744401917712 0.5677083134651184 1
1744401917722 0.5572916865348816 2
1744401917734 0.5729166865348816 3
1744401917745 0.6302083134651184 4
1744401917757 0.5885416865348816 5
1744401917768 0.5989583134651184 6
1744401917779 0.640625 7
1744401917790 0.6822916865348816 8
1744401917801 0.6041666865348816 9
1744401917811 0.65625 10
1744401917823 0.65625 11
1744401917834 0.6510416865348816 12
1744401917845 0.609375 13
1744401917856 0.640625 14
1744401917868 0.6666666865348816 15
1744401917879 0.6458333134651184 16
1744401917890 0.671875 17
