1744882143799 0.6914122700691223 0
1744882143829 0.6899502277374268 1
1744882143843 0.6876055002212524 2
1744882143855 0.6852525472640991 3
1744882143868 0.68468177318573 4
1744882143881 0.6769264340400696 5
1744882143893 0.6805858612060547 6
1744882143905 0.676754891872406 7
1744882143918 0.679588258266449 8
1744882143930 0.6777998805046082 9
1744882143942 0.6772626042366028 10
1744882143955 0.6748915910720825 11
1744882143967 0.672607421875 12
1744882143979 0.6716053485870361 13
1744882143992 0.6670552492141724 14
1744882144006 0.6664171814918518 15
1744882144027 0.6597610712051392 16
1744882144044 0.6641592979431152 17
1744882144060 0.6642691493034363 18
1744882144080 0.6631219387054443 19
1744882144095 0.648567795753479 20
1744882144110 0.6582196950912476 21
1744882144129 0.6532050371170044 22
1744882144146 0.6586407423019409 23
1744882144167 0.6536311507225037 24
1744882144189 0.6588975787162781 25
1744882144205 0.6459715962409973 26
1744882144218 0.6516971588134766 27
