1744397180602 0.6931430697441101 0
1744397180614 0.693115770816803 1
1744397180624 0.6930180191993713 2
1744397180634 0.6927332282066345 3
1744397180644 0.6925740242004395 4
1744397180655 0.6926980018615723 5
1744397180666 0.6923589706420898 6
1744397180676 0.6919901967048645 7
1744397180689 0.6918375492095947 8
1744397180699 0.6913641095161438 9
1744397180709 0.691447913646698 10
1744397180722 0.6915291547775269 11
1744397180739 0.6912991404533386 12
1744397180749 0.6911571025848389 13
1744397180759 0.6908206343650818 14
1744397180770 0.6906712055206299 15
1744397180780 0.6905732154846191 16
1744397180789 0.6906704902648926 17
1744397180798 0.690062403678894 18
1744397180809 0.689887523651123 19
1744397180819 0.6899741888046265 20
1744397180829 0.6897515654563904 21
