1744397157236 0.6930710077285767 0
1744397157250 0.6924678087234497 1
1744397157261 0.6925881505012512 2
1744397157272 0.6923812031745911 3
1744397157283 0.6918491125106812 4
1744397157294 0.6918437480926514 5
1744397157305 0.6918200254440308 6
1744397157316 0.6917049288749695 7
1744397157326 0.6910597085952759 8
1744397157336 0.6916229724884033 9
1744397157347 0.6915205121040344 10
1744397157358 0.6908047795295715 11
1744397157369 0.6906608939170837 12
1744397157381 0.6906501054763794 13
1744397157392 0.689939558506012 14
1744397157403 0.6900781989097595 15
