1744397157231 0.4771573543548584 0
1744397157243 0.5126903653144836 1
1744397157256 0.5126903653144836 2
1744397157268 0.5025380849838257 3
1744397157278 0.5837563276290894 4
1744397157288 0.5837563276290894 5
1744397157299 0.5837563276290894 6
1744397157310 0.5888324975967407 7
1744397157321 0.624365508556366 8
1744397157331 0.5939086079597473 9
1744397157341 0.5736040472984314 10
1744397157353 0.5989847779273987 11
1744397157364 0.6040608882904053 12
1744397157375 0.5939086079597473 13
1744397157386 0.6091370582580566 14
1744397157397 0.5939086079597473 15
