1744282438158 0.47959184646606445 0
1744282438169 0.581632673740387 1
1744282438178 0.5306122303009033 2
1744282438188 0.5204081535339355 3
1744282438198 0.545918345451355 4
1744282438212 0.5255101919174194 5
1744282438222 0.5357142686843872 6
1744282438232 0.4948979616165161 7
1744282438243 0.5051020383834839 8
1744282438254 0.5510203838348389 9
1744282438264 0.5 10
1744282438276 0.5408163070678711 11
1744282438292 0.5357142686843872 12
1744282438303 0.545918345451355 13
1744282438312 0.5408163070678711 14
1744282438322 0.5051020383834839 15
1744282438332 0.581632673740387 16
1744282438342 0.5102040767669678 17
1744282438352 0.545918345451355 18
1744282438363 0.5357142686843872 19
1744282438372 0.581632673740387 20
1744282438381 0.5204081535339355 21
1744282438391 0.5714285969734192 22
1744282438400 0.5612244606018066 23
