1744282438164 0.760206937789917 0
1744282438173 0.7303802371025085 1
1744282438183 0.7575972676277161 2
1744282438192 0.7350561022758484 3
1744282438206 0.7169712781906128 4
1744282438217 0.7164887189865112 5
1744282438227 0.7150505781173706 6
1744282438237 0.7260554432868958 7
1744282438249 0.7064715623855591 8
1744282438259 0.693200409412384 9
1744282438270 0.6967198848724365 10
1744282438286 0.6971284747123718 11
1744282438297 0.6860221028327942 12
1744282438308 0.7062721848487854 13
1744282438317 0.6990255117416382 14
1744282438327 0.6943135261535645 15
1744282438337 0.6991388201713562 16
1744282438347 0.7100161910057068 17
1744282438357 0.6863268613815308 18
1744282438368 0.6909534931182861 19
1744282438377 0.6841364502906799 20
1744282438386 0.6798430681228638 21
1744282438395 0.6958251595497131 22
1744282438405 0.6733577251434326 23
