1743763332977 0.7466767430305481 0
1743763332985 0.7296579480171204 1
1743763332995 0.67594975233078 2
1743763333004 0.6528151631355286 3
1743763333012 0.6554872393608093 4
1743763333025 0.6278567314147949 5
1743763333035 0.6311672925949097 6
1743763333044 0.6109341382980347 7
1743763333053 0.6002845168113708 8
1743763333063 0.6367647647857666 9
1743763333072 0.6024975180625916 10
1743763333081 0.5609910488128662 11
1743763333091 0.5716480612754822 12
1743763333100 0.5673385858535767 13
1743763333110 0.5627284049987793 14
1743763333119 0.576800525188446 15
1743763333128 0.6009490489959717 16
