1744401235833 0.676102340221405 0
1744401235844 0.6889863014221191 1
1744401235854 0.6757094860076904 2
1744401235866 0.6778793931007385 3
1744401235879 0.6637659668922424 4
1744401235890 0.6662079691886902 5
1744401235900 0.6658064723014832 6
1744401235910 0.6383307576179504 7
1744401235922 0.6467704772949219 8
1744401235933 0.685016393661499 9
1744401235943 0.6672149300575256 10
1744401235953 0.6517530083656311 11
1744401235963 0.6391783356666565 12
1744401235974 0.6247898936271667 13
1744401235985 0.6461815237998962 14
1744401235995 0.6285527348518372 15
1744401236006 0.6445954442024231 16
1744401236017 0.6494105458259583 17
1744401236027 0.621181309223175 18
