1744401235827 0.5520833134651184 0
1744401235839 0.5729166865348816 1
1744401235849 0.578125 2
1744401235860 0.578125 3
1744401235872 0.59375 4
1744401235884 0.578125 5
1744401235895 0.5520833134651184 6
1744401235905 0.625 7
1744401235916 0.640625 8
1744401235927 0.5052083134651184 9
1744401235938 0.6197916865348816 10
1744401235948 0.6197916865348816 11
1744401235958 0.6145833134651184 12
1744401235969 0.6458333134651184 13
1744401235979 0.609375 14
1744401235990 0.6614583134651184 15
1744401236001 0.6458333134651184 16
1744401236012 0.625 17
1744401236022 0.6875 18
