1744886868564 0.4948979616165161 0
1744886868586 0.5612244606018066 1
1744886868607 0.6071428656578064 2
1744886868621 0.5969387888908386 3
1744886868633 0.6173469424247742 4
1744886868645 0.5918367505073547 5
1744886868655 0.5765306353569031 6
1744886868665 0.5918367505073547 7
1744886868674 0.5867347121238708 8
1744886868684 0.6020408272743225 9
1744886868693 0.5918367505073547 10
1744886868703 0.6020408272743225 11
1744886868711 0.6071428656578064 12
1744886868723 0.6122449040412903 13
1744886868732 0.6122449040412903 14
1744886868742 0.5969387888908386 15
1744886868752 0.5969387888908386 16
1744886868761 0.6122449040412903 17
1744886868770 0.5765306353569031 18
1744886868778 0.5969387888908386 19
1744886868788 0.6020408272743225 20
1744886868796 0.6275510191917419 21
1744886868804 0.6173469424247742 22
1744886868813 0.5918367505073547 23
1744886868821 0.6020408272743225 24
1744886868830 0.6020408272743225 25
1744886868839 0.5867347121238708 26
1744886868847 0.6122449040412903 27
1744886869065 0.5918367505073547 28
