1744886868579 0.6930997967720032 0
1744886868592 0.6881024241447449 1
1744886868614 0.6863299608230591 2
1744886868626 0.6833674907684326 3
1744886868639 0.681940495967865 4
1744886868650 0.6793261766433716 5
1744886868660 0.6774284243583679 6
1744886868670 0.6745254397392273 7
1744886868679 0.673786461353302 8
1744886868688 0.6720601916313171 9
1744886868698 0.6673243641853333 10
1744886868707 0.6659712791442871 11
1744886868716 0.6665486693382263 12
1744886868728 0.6666926741600037 13
1744886868737 0.6660805344581604 14
1744886868747 0.6631344556808472 15
1744886868757 0.6596837639808655 16
1744886868766 0.6576324105262756 17
1744886868774 0.6568846702575684 18
1744886868783 0.657464861869812 19
1744886868792 0.65636146068573 20
1744886868800 0.6516796350479126 21
1744886868808 0.654872715473175 22
1744886868817 0.6550757884979248 23
1744886868825 0.6508047580718994 24
1744886868835 0.6548405885696411 25
1744886868843 0.6499841213226318 26
1744886869059 0.6523593068122864 27
1744886869069 0.6495710611343384 28
