1744279574870 0.7041112184524536 0
1744279574881 0.695894181728363 1
1744279574894 0.6961532831192017 2
1744279574904 0.6927151679992676 3
1744279574915 0.6964072585105896 4
1744279574934 0.677972137928009 5
1744279574946 0.6909832954406738 6
1744279574957 0.6890314817428589 7
1744279574969 0.6888730525970459 8
1744279574981 0.682567298412323 9
1744279574992 0.6887966990470886 10
1744279575003 0.6888248920440674 11
1744279575013 0.6809232234954834 12
1744279575026 0.6930407285690308 13
1744279575042 0.6813011169433594 14
1744279575053 0.6835301518440247 15
1744279575064 0.6943473219871521 16
1744279575075 0.684998631477356 17
1744279575086 0.688189685344696 18
1744279575096 0.6920338869094849 19
