1744282170984 0.48469388484954834 0
1744282170997 0.5561224222183228 1
1744282171009 0.581632673740387 2
1744282171022 0.5765306353569031 3
1744282171033 0.5765306353569031 4
1744282171045 0.5612244606018066 5
1744282171060 0.5714285969734192 6
1744282171075 0.581632673740387 7
1744282171087 0.581632673740387 8
1744282171097 0.581632673740387 9
1744282171108 0.5918367505073547 10
1744282171118 0.5867347121238708 11
1744282171129 0.581632673740387 12
1744282171139 0.5969387888908386 13
1744282171150 0.6020408272743225 14
1744282171160 0.6224489808082581 15
1744282171170 0.6224489808082581 16
1744282171180 0.5867347121238708 17
1744282171191 0.6020408272743225 18
