1744282170990 0.6998268961906433 0
1744282171004 0.6893114447593689 1
1744282171016 0.6849174499511719 2
1744282171028 0.6813398599624634 3
1744282171039 0.6783418655395508 4
1744282171054 0.6763572096824646 5
1744282171070 0.6742792725563049 6
1744282171081 0.6721199154853821 7
1744282171092 0.6710515022277832 8
1744282171102 0.6695863604545593 9
1744282171113 0.6690083146095276 10
1744282171124 0.6668961048126221 11
1744282171134 0.6652686595916748 12
1744282171145 0.6639088988304138 13
1744282171155 0.6637738347053528 14
1744282171165 0.6631222367286682 15
1744282171176 0.6619292497634888 16
1744282171186 0.6599464416503906 17
1744282171196 0.6590800881385803 18
