1744396857824 0.6936150789260864 0
1744396857836 0.6936826705932617 1
1744396857847 0.6931043863296509 2
1744396857857 0.6932422518730164 3
1744396857867 0.6928349137306213 4
1744396857877 0.692790687084198 5
1744396857888 0.6929073929786682 6
1744396857898 0.6924241781234741 7
1744396857907 0.6920319199562073 8
1744396857916 0.6916751265525818 9
1744396857927 0.6918466091156006 10
1744396857938 0.6918799877166748 11
1744396857949 0.6913139224052429 12
1744396857959 0.6915172338485718 13
1744396857969 0.691335141658783 14
1744396857980 0.6909784078598022 15
1744396857990 0.6911984086036682 16
1744396858000 0.6906751394271851 17
