1744279798526 0.5663265585899353 0
1744279798576 0.5612244606018066 1
1744279798607 0.5612244606018066 2
1744279798631 0.5612244606018066 3
1744279798666 0.5612244606018066 4
1744279798695 0.5612244606018066 5
1744279798714 0.5663265585899353 6
1744279798732 0.5663265585899353 7
1744279798750 0.5714285969734192 8
1744279798766 0.5714285969734192 9
1744279798782 0.5663265585899353 10
1744279798799 0.5663265585899353 11
1744279798816 0.5765306353569031 12
1744279798836 0.5663265585899353 13
1744279798852 0.5663265585899353 14
1744279798872 0.5663265585899353 15
1744279798887 0.5663265585899353 16
