1744279798549 0.7015215754508972 0
1744279798594 0.7007784843444824 1
1744279798620 0.7002739310264587 2
1744279798648 0.6997525691986084 3
1744279798679 0.6993056535720825 4
1744279798706 0.6987554430961609 5
1744279798724 0.6983915567398071 6
1744279798741 0.6980178952217102 7
1744279798759 0.6975951790809631 8
1744279798775 0.6971016526222229 9
1744279798791 0.6965791583061218 10
1744279798808 0.6960921287536621 11
1744279798826 0.6957618594169617 12
1744279798844 0.6952031254768372 13
1744279798864 0.6949167251586914 14
1744279798880 0.6944923400878906 15
1744279798894 0.6941965222358704 16
