1744397629623 0.5431472063064575 0
1744397629636 0.5736040472984314 1
1744397629646 0.5634517669677734 2
1744397629657 0.5583756566047668 3
1744397629668 0.5786802172660828 4
1744397629678 0.6040608882904053 5
1744397629689 0.5939086079597473 6
1744397629700 0.5685279369354248 7
1744397629710 0.5685279369354248 8
1744397629721 0.5736040472984314 9
1744397629731 0.5583756566047668 10
1744397629742 0.5634517669677734 11
1744397629753 0.5736040472984314 12
1744397629764 0.5685279369354248 13
1744397629773 0.5786802172660828 14
1744397629783 0.5989847779273987 15
1744397629793 0.5786802172660828 16
