1744712620137 0.6939759254455566 0
1744712620157 0.6917535662651062 1
1744712620170 0.6911585330963135 2
1744712620182 0.6891961097717285 3
1744712620194 0.6886960864067078 4
1744712620205 0.6867939829826355 5
1744712620217 0.6868449449539185 6
1744712620228 0.6847050189971924 7
1744712620239 0.6841787695884705 8
1744712620254 0.6832854151725769 9
1744712620266 0.6821081638336182 10
1744712620278 0.6804850697517395 11
1744712620290 0.6806334853172302 12
1744712620302 0.6773058772087097 13
1744712620315 0.6768605709075928 14
1744712620327 0.6754493713378906 15
1744712620339 0.6762265563011169 16
1744712620351 0.6719321608543396 17
1744712620366 0.6736997961997986 18
1744712620380 0.6715537905693054 19
1744712620392 0.6728389263153076 20
1744712620404 0.6706733703613281 21
1744712620415 0.6698959469795227 22
