1744401400242 0.6855649352073669 0
1744401400271 0.6940988898277283 1
1744401400302 0.6726091504096985 2
1744401400320 0.634164035320282 3
1744401400336 0.6533783674240112 4
1744401400349 0.6343399882316589 5
1744401400362 0.6398491263389587 6
1744401400374 0.6497418880462646 7
1744401400391 0.6337384581565857 8
1744401400404 0.6431532502174377 9
1744401400416 0.6527649760246277 10
1744401400428 0.6184932589530945 11
1744401400439 0.6488826870918274 12
1744401400451 0.6239731311798096 13
1744401400462 0.648093044757843 14
1744401400474 0.6313422322273254 15
