1744711955997 0.6927210688591003 0
1744711956007 0.6929942965507507 1
1744711956018 0.6930596232414246 2
1744711956027 0.6929035186767578 3
1744711956042 0.6926569938659668 4
1744711956052 0.692395806312561 5
1744711956061 0.6925237774848938 6
1744711956071 0.6917334198951721 7
1744711956082 0.6920714378356934 8
1744711956092 0.6915335655212402 9
1744711956101 0.6915790438652039 10
1744711956119 0.6910480856895447 11
1744711956129 0.6915111541748047 12
1744711956140 0.6908668279647827 13
1744711956149 0.6906877160072327 14
1744711956157 0.6906459331512451 15
1744711956166 0.6903197169303894 16
1744711956175 0.6905089020729065 17
1744711956184 0.6901884078979492 18
1744711956192 0.6897507905960083 19
1744711956201 0.6900234818458557 20
1744711956211 0.6895437240600586 21
1744711956218 0.6895901560783386 22
