1744711955992 0.5177664756774902 0
1744711956002 0.5126903653144836 1
1744711956013 0.5228426456451416 2
1744711956022 0.5329949259757996 3
1744711956036 0.5482233762741089 4
1744711956047 0.5583756566047668 5
1744711956057 0.5532994866371155 6
1744711956066 0.5634517669677734 7
1744711956078 0.5685279369354248 8
1744711956088 0.5939086079597473 9
1744711956097 0.5837563276290894 10
1744711956106 0.5583756566047668 11
1744711956124 0.5532994866371155 12
1744711956134 0.5634517669677734 13
1744711956145 0.5837563276290894 14
1744711956153 0.5786802172660828 15
1744711956161 0.5736040472984314 16
1744711956170 0.5634517669677734 17
1744711956179 0.5634517669677734 18
1744711956188 0.5837563276290894 19
1744711956197 0.5482233762741089 20
1744711956206 0.5736040472984314 21
1744711956215 0.5786802172660828 22
