1744886277782 0.5663265585899353 0
1744886277793 0.5714285969734192 1
1744886277810 0.5867347121238708 2
1744886277820 0.5918367505073547 3
1744886277829 0.5765306353569031 4
1744886277837 0.5867347121238708 5
1744886277845 0.5867347121238708 6
1744886277853 0.6173469424247742 7
1744886277862 0.5612244606018066 8
1744886277870 0.5918367505073547 9
1744886277878 0.5918367505073547 10
1744886277887 0.5918367505073547 11
1744886277895 0.5918367505073547 12
1744886277903 0.5969387888908386 13
1744886277912 0.5918367505073547 14
1744886277920 0.6020408272743225 15
1744886277928 0.5918367505073547 16
1744886277936 0.6020408272743225 17
1744886277947 0.5918367505073547 18
1744886277955 0.6020408272743225 19
1744886277967 0.581632673740387 20
1744886277975 0.5765306353569031 21
1744886277984 0.6020408272743225 22
1744886277992 0.5969387888908386 23
1744886278000 0.6122449040412903 24
1744886278008 0.581632673740387 25
1744886278016 0.6071428656578064 26
1744886278024 0.6020408272743225 27
1744886278032 0.5714285969734192 28
1744886278040 0.5765306353569031 29
