1744886277788 0.6913180947303772 0
1744886277805 0.6905481219291687 1
1744886277814 0.6886692643165588 2
1744886277824 0.6872897744178772 3
1744886277832 0.6862718462944031 4
1744886277841 0.6847785115242004 5
1744886277849 0.6834174990653992 6
1744886277857 0.6821042895317078 7
1744886277866 0.681506872177124 8
1744886277874 0.6793985962867737 9
1744886277883 0.6781975030899048 10
1744886277891 0.6771771907806396 11
1744886277899 0.6722865700721741 12
1744886277908 0.673728346824646 13
1744886277916 0.6705336570739746 14
1744886277924 0.6682648062705994 15
1744886277932 0.6669437885284424 16
1744886277940 0.6660364270210266 17
1744886277951 0.6630568504333496 18
1744886277963 0.6622718572616577 19
1744886277971 0.6648748517036438 20
1744886277979 0.6613180041313171 21
1744886277988 0.6611807942390442 22
1744886277996 0.6580057740211487 23
1744886278004 0.6613115668296814 24
1744886278012 0.6600324511528015 25
1744886278020 0.6572588682174683 26
1744886278028 0.6582168340682983 27
1744886278036 0.6552413702011108 28
1744886278044 0.6565847396850586 29
