1744712853355 0.6922131776809692 0
1744712853369 0.6897794604301453 1
1744712853384 0.6887268424034119 2
1744712853398 0.6870709657669067 3
1744712853411 0.6857444047927856 4
1744712853430 0.6850109100341797 5
1744712853442 0.6830463409423828 6
1744712853456 0.6827800273895264 7
1744712853472 0.6816281676292419 8
1744712853485 0.6781423091888428 9
1744712853497 0.6769880056381226 10
1744712853513 0.6763365864753723 11
1744712853525 0.6753760576248169 12
1744712853536 0.6765633225440979 13
1744712853548 0.6739815473556519 14
1744712853560 0.6731804609298706 15
1744712853571 0.6739853024482727 16
1744712853583 0.6703553199768066 17
1744712853595 0.6672436594963074 18
