1744712853343 0.5431472063064575 0
1744712853362 0.5685279369354248 1
1744712853378 0.5532994866371155 2
1744712853392 0.5634517669677734 3
1744712853404 0.5786802172660828 4
1744712853417 0.5888324975967407 5
1744712853436 0.5837563276290894 6
1744712853448 0.5989847779273987 7
1744712853462 0.5939086079597473 8
1744712853478 0.5888324975967407 9
1744712853491 0.5989847779273987 10
1744712853505 0.5837563276290894 11
1744712853519 0.5837563276290894 12
1744712853531 0.5786802172660828 13
1744712853542 0.5888324975967407 14
1744712853554 0.5939086079597473 15
1744712853565 0.5837563276290894 16
1744712853577 0.6142131686210632 17
1744712853589 0.5939086079597473 18
