1744401635590 0.7214891314506531 0
1744401635600 0.7104435563087463 1
1744401635611 0.7346386909484863 2
1744401635623 0.7206523418426514 3
1744401635634 0.7032974362373352 4
1744401635645 0.7069621682167053 5
1744401635656 0.7134027481079102 6
1744401635666 0.7147252559661865 7
1744401635677 0.6997463703155518 8
1744401635688 0.6909255981445312 9
1744401635699 0.69705730676651 10
1744401635710 0.6803288459777832 11
1744401635720 0.6757630705833435 12
1744401635731 0.6768401265144348 13
1744401635741 0.6830562949180603 14
1744401635752 0.6811802983283997 15
1744401635763 0.6799108386039734 16
