1744401635585 0.4947916567325592 0
1744401635595 0.53125 1
1744401635606 0.4739583432674408 2
1744401635617 0.484375 3
1744401635628 0.5104166865348816 4
1744401635639 0.484375 5
1744401635650 0.4791666567325592 6
1744401635661 0.4635416567325592 7
1744401635672 0.4947916567325592 8
1744401635682 0.5416666865348816 9
1744401635693 0.546875 10
1744401635704 0.5885416865348816 11
1744401635715 0.5208333134651184 12
1744401635725 0.5625 13
1744401635736 0.5520833134651184 14
1744401635747 0.5260416865348816 15
1744401635758 0.5572916865348816 16
