1744281997838 0.5612244606018066 0
1744281997874 0.5714285969734192 1
1744281997910 0.5663265585899353 2
1744281997933 0.5918367505073547 3
1744281997953 0.5612244606018066 4
1744281997970 0.5663265585899353 5
1744281997985 0.5612244606018066 6
1744281998001 0.5969387888908386 7
1744281998019 0.5714285969734192 8
1744281998036 0.545918345451355 9
1744281998053 0.5510203838348389 10
1744281998070 0.5663265585899353 11
1744281998086 0.5510203838348389 12
1744281998103 0.5918367505073547 13
1744281998127 0.5561224222183228 14
1744281998186 0.581632673740387 15
