1744281997845 0.6843783259391785 0
1744281997886 0.6851074695587158 1
1744281997921 0.6768471002578735 2
1744281997944 0.6778692007064819 3
1744281997962 0.6822391152381897 4
1744281997978 0.6760515570640564 5
1744281997992 0.6846097111701965 6
1744281998008 0.6745810508728027 7
1744281998029 0.683276891708374 8
1744281998045 0.6759637594223022 9
1744281998062 0.6862106919288635 10
1744281998077 0.6774419546127319 11
1744281998094 0.6796707510948181 12
1744281998112 0.6804031729698181 13
1744281998159 0.6773054003715515 14
1744281998199 0.6776146292686462 15
