1744282359846 0.5 0
1744282359856 0.5510203838348389 1
1744282359866 0.5357142686843872 2
1744282359876 0.5765306353569031 3
1744282359887 0.5612244606018066 4
1744282359898 0.5765306353569031 5
1744282359909 0.5765306353569031 6
1744282359919 0.5969387888908386 7
1744282359930 0.5714285969734192 8
1744282359942 0.5714285969734192 9
1744282359953 0.5612244606018066 10
1744282359964 0.5714285969734192 11
1744282359975 0.6020408272743225 12
1744282359986 0.5765306353569031 13
1744282359997 0.5867347121238708 14
1744282360008 0.6071428656578064 15
