1744279507065 0.6874600052833557 0
1744279507084 0.7034812569618225 1
1744279507097 0.7043535113334656 2
1744279507110 0.6789975166320801 3
1744279507123 0.6849604845046997 4
1744279507138 0.6826623678207397 5
1744279507151 0.6768710613250732 6
1744279507164 0.690346360206604 7
1744279507176 0.6901342272758484 8
1744279507190 0.6886322498321533 9
1744279507203 0.680695652961731 10
1744279507216 0.6873503923416138 11
1744279507230 0.6907061338424683 12
1744279507243 0.698854386806488 13
1744279507256 0.6851587295532227 14
