1744711357519 0.6993963122367859 0
1744711357541 0.6957066059112549 1
1744711357554 0.6923327445983887 2
1744711357572 0.6895312666893005 3
1744711357587 0.6867508888244629 4
1744711357608 0.6844582557678223 5
1744711357623 0.6823746562004089 6
1744711357638 0.6800386309623718 7
1744711357656 0.6784363389015198 8
1744711357671 0.6767078042030334 9
1744711357687 0.6752163767814636 10
1744711357700 0.6735442280769348 11
1744711357714 0.6723329424858093 12
1744711357729 0.6712402701377869 13
1744711357744 0.6703791618347168 14
