1744711872238 0.6933474540710449 0
1744711872255 0.6920362710952759 1
1744711872282 0.6922217011451721 2
1744711872303 0.6910694241523743 3
1744711872314 0.6904817223548889 4
1744711872323 0.689765989780426 5
1744711872330 0.6899000406265259 6
1744711872338 0.689326822757721 7
1744711872346 0.6883955597877502 8
1744711872353 0.6869089603424072 9
1744711872362 0.6864001154899597 10
1744711872370 0.6861884593963623 11
1744711872379 0.685912549495697 12
1744711872387 0.6856357455253601 13
1744711872395 0.6844304203987122 14
1744711872404 0.6838581562042236 15
1744711872413 0.6839512586593628 16
1744711872423 0.6838815808296204 17
1744711872435 0.6829360127449036 18
