1744711872232 0.5685279369354248 0
1744711872246 0.5736040472984314 1
1744711872273 0.5786802172660828 2
1744711872294 0.5837563276290894 3
1744711872310 0.5634517669677734 4
1744711872319 0.5786802172660828 5
1744711872327 0.5634517669677734 6
1744711872334 0.5786802172660828 7
1744711872342 0.5685279369354248 8
1744711872349 0.5837563276290894 9
1744711872357 0.5837563276290894 10
1744711872366 0.5837563276290894 11
1744711872374 0.5837563276290894 12
1744711872382 0.5482233762741089 13
1744711872391 0.5736040472984314 14
1744711872400 0.5786802172660828 15
1744711872408 0.5888324975967407 16
1744711872417 0.5634517669677734 17
1744711872427 0.5837563276290894 18
