1744882502902 0.6919424533843994 0
1744882502918 0.6901987791061401 1
1744882502935 0.6881134510040283 2
1744882502956 0.6857746243476868 3
1744882502972 0.6814642548561096 4
1744882502986 0.6811572909355164 5
1744882502999 0.6785849928855896 6
1744882503012 0.6748514771461487 7
1744882503025 0.673026442527771 8
1744882503037 0.6699689626693726 9
1744882503050 0.6682232618331909 10
1744882503063 0.6714425683021545 11
1744882503076 0.6693113446235657 12
1744882503088 0.6671072244644165 13
1744882503101 0.6617569327354431 14
1744882503114 0.6649454236030579 15
1744882503127 0.656718909740448 16
1744882503139 0.6656714081764221 17
1744882503152 0.6612186431884766 18
1744882503164 0.6598851680755615 19
1744882503177 0.6562931537628174 20
1744882503191 0.656019389629364 21
1744882503204 0.6565300822257996 22
1744882503216 0.6523483395576477 23
1744882503228 0.6520842909812927 24
