1744882502895 0.5685279369354248 0
1744882502910 0.5634517669677734 1
1744882502926 0.5685279369354248 2
1744882502942 0.5685279369354248 3
1744882502964 0.5634517669677734 4
1744882502979 0.5736040472984314 5
1744882502992 0.5685279369354248 6
1744882503005 0.5888324975967407 7
1744882503018 0.5532994866371155 8
1744882503031 0.5888324975967407 9
1744882503044 0.5786802172660828 10
1744882503056 0.5888324975967407 11
1744882503069 0.6142131686210632 12
1744882503082 0.5888324975967407 13
1744882503095 0.5939086079597473 14
1744882503107 0.6192893385887146 15
1744882503120 0.6345177888870239 16
1744882503133 0.5939086079597473 17
1744882503145 0.6294416189193726 18
1744882503158 0.6294416189193726 19
1744882503170 0.6091370582580566 20
1744882503183 0.6091370582580566 21
1744882503197 0.6497461795806885 22
1744882503210 0.6345177888870239 23
1744882503222 0.6345177888870239 24
