1744886646620 0.6915270686149597 0
1744886646630 0.6853380799293518 1
1744886646644 0.6791554689407349 2
1744886646653 0.6733739376068115 3
1744886646669 0.6680746078491211 4
1744886646679 0.6626406908035278 5
1744886646688 0.6570749878883362 6
1744886646696 0.6556793451309204 7
1744886646704 0.6529603004455566 8
1744886646721 0.6501327157020569 9
1744886646730 0.6498095393180847 10
1744886646738 0.6482948064804077 11
1744886646746 0.6487029194831848 12
1744886646754 0.6469259262084961 13
1744886646765 0.6472746729850769 14
1744886646775 0.6462482810020447 15
1744886646784 0.6453972458839417 16
1744886646792 0.6438252329826355 17
1744886646800 0.643960177898407 18
1744886646808 0.6427169442176819 19
1744886646817 0.6426761150360107 20
1744886646826 0.6421617865562439 21
1744886646833 0.6414450407028198 22
