1744886646614 0.5612244606018066 0
1744886646625 0.5969387888908386 1
1744886646640 0.5867347121238708 2
1744886646649 0.5969387888908386 3
1744886646657 0.5918367505073547 4
1744886646675 0.5918367505073547 5
1744886646684 0.6020408272743225 6
1744886646692 0.6122449040412903 7
1744886646700 0.6122449040412903 8
1744886646717 0.6071428656578064 9
1744886646725 0.6071428656578064 10
1744886646734 0.6275510191917419 11
1744886646742 0.6224489808082581 12
1744886646750 0.6224489808082581 13
1744886646759 0.6173469424247742 14
1744886646771 0.6173469424247742 15
1744886646780 0.6326530575752258 16
1744886646788 0.6275510191917419 17
1744886646796 0.6275510191917419 18
1744886646804 0.6275510191917419 19
1744886646813 0.6173469424247742 20
1744886646822 0.6173469424247742 21
1744886646829 0.6275510191917419 22
