1744882430149 0.6934773921966553 0
1744882430170 0.6931480765342712 1
1744882430185 0.6931581497192383 2
1744882430200 0.6931982040405273 3
1744882430214 0.6931605339050293 4
1744882430229 0.6929615139961243 5
1744882430243 0.6931473612785339 6
1744882430257 0.6926034688949585 7
1744882430271 0.6921337246894836 8
1744882430285 0.6920120120048523 9
1744882430300 0.6921176910400391 10
1744882430315 0.6921720504760742 11
1744882430330 0.6920171976089478 12
1744882430345 0.6916191577911377 13
1744882430359 0.692088782787323 14
1744882430373 0.6919530630111694 15
1744882430392 0.6918313503265381 16
1744882430407 0.691720187664032 17
1744882430421 0.6909834742546082 18
1744882430433 0.6915084719657898 19
1744882430446 0.6911008954048157 20
1744882430459 0.6911431550979614 21
1744882430472 0.6911594867706299 22
1744882430485 0.6914487481117249 23
1744882430498 0.6905393004417419 24
1744882430513 0.6910080313682556 25
