1744397288793 0.6929309964179993 0
1744397288808 0.6910722851753235 1
1744397288820 0.6895486116409302 2
1744397288833 0.6879306435585022 3
1744397288844 0.6859381198883057 4
1744397288856 0.6841493248939514 5
1744397288868 0.6819727420806885 6
1744397288879 0.6807276010513306 7
1744397288895 0.6792525053024292 8
1744397288906 0.6753773093223572 9
1744397288918 0.6741315722465515 10
1744397288931 0.6716729402542114 11
1744397288945 0.6709305644035339 12
1744397288957 0.6670801639556885 13
1744397288968 0.6714425683021545 14
