1744397288786 0.5025380849838257 0
1744397288801 0.5583756566047668 1
1744397288814 0.5685279369354248 2
1744397288826 0.5786802172660828 3
1744397288839 0.5634517669677734 4
1744397288850 0.5736040472984314 5
1744397288862 0.5634517669677734 6
1744397288874 0.5736040472984314 7
1744397288888 0.5685279369354248 8
1744397288900 0.5837563276290894 9
1744397288912 0.5786802172660828 10
1744397288924 0.5939086079597473 11
1744397288939 0.6040608882904053 12
1744397288951 0.6091370582580566 13
1744397288963 0.5939086079597473 14
