1744713004515 0.5939086079597473 0
1744713004538 0.5939086079597473 1
1744713004554 0.5888324975967407 2
1744713004568 0.5888324975967407 3
1744713004581 0.5736040472984314 4
1744713004595 0.5786802172660828 5
1744713004608 0.5736040472984314 6
1744713004621 0.5837563276290894 7
1744713004635 0.5888324975967407 8
1744713004649 0.5786802172660828 9
1744713004665 0.5736040472984314 10
1744713004680 0.5736040472984314 11
1744713004694 0.5736040472984314 12
1744713004708 0.5634517669677734 13
1744713004721 0.5685279369354248 14
1744713004739 0.5634517669677734 15
1744713004756 0.5736040472984314 16
1744713004774 0.5786802172660828 17
1744713004789 0.5786802172660828 18
1744713004803 0.5786802172660828 19
1744713004818 0.5786802172660828 20
1744713004833 0.5786802172660828 21
1744713004849 0.5736040472984314 22
1744713004865 0.5736040472984314 23
