1744397247855 0.6936736106872559 0
1744397247864 0.6931049823760986 1
1744397247873 0.6920213103294373 2
1744397247884 0.6914491057395935 3
1744397247893 0.6910755038261414 4
1744397247902 0.6907920837402344 5
1744397247911 0.6896975040435791 6
1744397247919 0.6896215081214905 7
1744397247929 0.6892642974853516 8
1744397247938 0.6887876987457275 9
1744397247946 0.6874439120292664 10
1744397247962 0.6866257786750793 11
1744397247970 0.6864761710166931 12
1744397247979 0.6857133507728577 13
1744397247987 0.6853376030921936 14
1744397247995 0.6841710805892944 15
1744397248004 0.6822130084037781 16
1744397248012 0.6825356483459473 17
1744397248021 0.6827340126037598 18
1744397248030 0.6818904280662537 19
1744397248039 0.6805579662322998 20
1744397248047 0.6794387102127075 21
1744397248056 0.6803917288780212 22
1744397248064 0.6798137426376343 23
1744397248072 0.6780201196670532 24
