1743763397606 0.3478260934352875 0
1743763397616 0.43478259444236755 1
1743763397626 0.43478259444236755 2
1743763397634 0.43478259444236755 3
1743763397643 0.43478259444236755 4
1743763397653 0.260869562625885 5
1743763397661 0.30434781312942505 6
1743763397670 0.3478260934352875 7
1743763397679 0.6521739363670349 8
1743763397688 0.260869562625885 9
1743763397697 0.47826087474823 10
1743763397706 0.3913043439388275 11
1743763397714 0.43478259444236755 12
1743763397722 0.3478260934352875 13
1743763397731 0.5652173757553101 14
1743763397739 0.3478260934352875 15
1743763397748 0.5652173757553101 16
1743763397756 0.47826087474823 17
1743763397769 0.47826087474823 18
1743763397778 0.47826087474823 19
1743763397787 0.47826087474823 20
