1743763397612 0.7562786340713501 0
1743763397621 0.7431057095527649 1
1743763397630 0.7586227059364319 2
1743763397639 0.7615741491317749 3
1743763397648 0.753200113773346 4
1743763397657 0.7371947169303894 5
1743763397665 0.7526358962059021 6
1743763397674 0.7344968914985657 7
1743763397683 0.6815767288208008 8
1743763397693 0.7479894161224365 9
1743763397701 0.7045493125915527 10
1743763397710 0.7260096073150635 11
1743763397718 0.739262044429779 12
1743763397727 0.7303622961044312 13
1743763397735 0.6634702086448669 14
1743763397743 0.697456955909729 15
1743763397752 0.65276038646698 16
1743763397760 0.6981650590896606 17
1743763397774 0.6977759003639221 18
1743763397782 0.6917204856872559 19
1743763397792 0.7027797698974609 20
