1744279856878 0.7107213139533997 0
1744279856893 0.7001107931137085 1
1744279856906 0.6964200139045715 2
1744279856917 0.6921289563179016 3
1744279856929 0.6881372332572937 4
1744279856942 0.6854572892189026 5
1744279856953 0.6828762888908386 6
1744279856963 0.6809521317481995 7
1744279856974 0.6807726621627808 8
1744279856985 0.6787844896316528 9
1744279856996 0.6775456666946411 10
1744279857007 0.6761084794998169 11
1744279857017 0.6748059391975403 12
1744279857028 0.6742491722106934 13
1744279857039 0.6733406782150269 14
1744279857049 0.6722569465637207 15
1744279857059 0.6712663769721985 16
1744279857070 0.670777440071106 17
1744279857081 0.6691062450408936 18
