1744396637930 0.5228426456451416 0
1744396637948 0.5431472063064575 1
1744396637958 0.5482233762741089 2
1744396637968 0.5482233762741089 3
1744396637977 0.5482233762741089 4
1744396637987 0.5583756566047668 5
1744396638010 0.5482233762741089 6
1744396638028 0.5583756566047668 7
1744396638039 0.5583756566047668 8
1744396638050 0.5685279369354248 9
1744396638060 0.5736040472984314 10
1744396638071 0.5786802172660828 11
1744396638080 0.5837563276290894 12
1744396638090 0.5939086079597473 13
1744396638100 0.5888324975967407 14
