1744396637942 0.6916141510009766 0
1744396637953 0.6914041638374329 1
1744396637963 0.6912065148353577 2
1744396637972 0.6910657286643982 3
1744396637982 0.6908461451530457 4
1744396637992 0.6906803846359253 5
1744396638019 0.6905313730239868 6
1744396638034 0.6903557777404785 7
1744396638044 0.6901850700378418 8
1744396638055 0.6899923086166382 9
1744396638066 0.6898304224014282 10
1744396638075 0.6896435618400574 11
1744396638085 0.6894862055778503 12
1744396638095 0.6892445087432861 13
1744396638105 0.6891083717346191 14
