1744886108843 0.5 0
1744886108853 0.5357142686843872 1
1744886108863 0.5510203838348389 2
1744886108871 0.5561224222183228 3
1744886108881 0.5510203838348389 4
1744886108890 0.5714285969734192 5
1744886108899 0.5663265585899353 6
1744886108908 0.5765306353569031 7
1744886108916 0.5612244606018066 8
1744886108923 0.5663265585899353 9
1744886108932 0.5663265585899353 10
1744886108940 0.5612244606018066 11
1744886108949 0.5663265585899353 12
1744886108957 0.5714285969734192 13
1744886108967 0.5663265585899353 14
1744886108975 0.5765306353569031 15
1744886108984 0.581632673740387 16
1744886108992 0.5867347121238708 17
1744886109000 0.581632673740387 18
1744886109009 0.581632673740387 19
1744886109017 0.581632673740387 20
1744886109027 0.581632673740387 21
1744886109035 0.581632673740387 22
1744886109043 0.581632673740387 23
1744886109050 0.5867347121238708 24
1744886109058 0.5867347121238708 25
