1744396768195 0.6940116286277771 0
1744396768204 0.6930028200149536 1
1744396768219 0.690716564655304 2
1744396768227 0.6902903318405151 3
1744396768235 0.6889630556106567 4
1744396768243 0.6880394816398621 5
1744396768252 0.6869488954544067 6
1744396768260 0.6856787204742432 7
1744396768279 0.684253454208374 8
1744396768287 0.6832340359687805 9
1744396768296 0.6827897429466248 10
1744396768304 0.6803797483444214 11
1744396768312 0.6794001460075378 12
1744396768321 0.6772013306617737 13
1744396768329 0.6761038303375244 14
1744396768338 0.6743373274803162 15
1744396768346 0.6740466356277466 16
1744396768355 0.6724156141281128 17
1744396768363 0.6689517498016357 18
1744396768371 0.6662008762359619 19
1744396768380 0.6665677428245544 20
1744396768388 0.6670070886611938 21
