1744881786225 0.6932001113891602 0
1744881786238 0.693081796169281 1
1744881786253 0.692960262298584 2
1744881786267 0.6928535103797913 3
1744881786282 0.6927568316459656 4
1744881786295 0.6926820278167725 5
1744881786314 0.6925830841064453 6
1744881786327 0.6924875974655151 7
1744881786342 0.6923742890357971 8
1744881786356 0.6922785639762878 9
1744881786370 0.6921865344047546 10
1744881786384 0.6920909881591797 11
1744881786398 0.6920162439346313 12
1744881786412 0.6919347047805786 13
1744881786426 0.6918593645095825 14
1744881786441 0.6917853951454163 15
1744881786454 0.6916987895965576 16
1744881786467 0.6916098594665527 17
1744881786481 0.6915348172187805 18
1744881786495 0.6914574503898621 19
1744881786509 0.6913822293281555 20
1744881786523 0.6912927031517029 21
1744881786537 0.6912243962287903 22
1744881786550 0.6911522150039673 23
1744881786563 0.691068708896637 24
1744881786576 0.6909977197647095 25
1744881786588 0.6909268498420715 26
