1744881786218 0.46700507402420044 0
1744881786232 0.48730963468551636 1
1744881786245 0.5634517669677734 2
1744881786260 0.6040608882904053 3
1744881786274 0.5888324975967407 4
1744881786288 0.6040608882904053 5
1744881786307 0.5989847779273987 6
1744881786320 0.5888324975967407 7
1744881786335 0.5736040472984314 8
1744881786349 0.5837563276290894 9
1744881786362 0.5786802172660828 10
1744881786377 0.5736040472984314 11
1744881786391 0.5736040472984314 12
1744881786405 0.5736040472984314 13
1744881786419 0.5736040472984314 14
1744881786433 0.5685279369354248 15
1744881786448 0.5685279369354248 16
1744881786460 0.5685279369354248 17
1744881786474 0.5685279369354248 18
1744881786488 0.5685279369354248 19
1744881786502 0.5685279369354248 20
1744881786516 0.5685279369354248 21
1744881786530 0.5685279369354248 22
1744881786543 0.5685279369354248 23
1744881786556 0.5685279369354248 24
1744881786569 0.5685279369354248 25
1744881786582 0.5685279369354248 26
