1744396620615 0.6942272186279297 0
1744396620627 0.692769467830658 1
1744396620640 0.6908867359161377 2
1744396620649 0.6894849538803101 3
1744396620659 0.6878636479377747 4
1744396620674 0.6865373253822327 5
1744396620683 0.684927761554718 6
1744396620693 0.6837503910064697 7
1744396620702 0.6820957660675049 8
1744396620712 0.6809231638908386 9
1744396620722 0.678887665271759 10
1744396620733 0.6771088242530823 11
1744396620743 0.6757437586784363 12
1744396620753 0.6741247177124023 13
1744396620763 0.673117995262146 14
1744396620773 0.6714821457862854 15
1744396620784 0.6704406142234802 16
