1744279279359 0.5357142686843872 0
1744279279372 0.5765306353569031 1
1744279279384 0.5867347121238708 2
1744279279395 0.6071428656578064 3
1744279279406 0.5306122303009033 4
1744279279418 0.5969387888908386 5
1744279279430 0.581632673740387 6
1744279279442 0.5612244606018066 7
1744279279454 0.545918345451355 8
1744279279467 0.5714285969734192 9
1744279279479 0.5765306353569031 10
1744279279491 0.5918367505073547 11
1744279279502 0.5612244606018066 12
1744279279513 0.5918367505073547 13
1744279279525 0.5867347121238708 14
1744279279537 0.5561224222183228 15
