1744279279366 0.7017519474029541 0
1744279279378 0.6795979142189026 1
1744279279390 0.6868109703063965 2
1744279279401 0.6819360852241516 3
1744279279412 0.6870242357254028 4
1744279279424 0.6795475482940674 5
1744279279436 0.6874033808708191 6
1744279279448 0.6827857494354248 7
1744279279460 0.6857541799545288 8
1744279279473 0.6747337579727173 9
1744279279485 0.698411762714386 10
1744279279497 0.6716341972351074 11
1744279279508 0.6846564412117004 12
1744279279519 0.6701457500457764 13
1744279279531 0.6758448481559753 14
1744279279542 0.6680330634117126 15
