1744886565847 0.6931561231613159 0
1744886565862 0.6880531311035156 1
1744886565875 0.6837473511695862 2
1744886565884 0.6789688467979431 3
1744886565893 0.6732658743858337 4
1744886565903 0.6676726341247559 5
1744886565912 0.6628163456916809 6
1744886565921 0.658686101436615 7
1744886565931 0.6569348573684692 8
1744886565941 0.6546005606651306 9
1744886565950 0.6533631086349487 10
1744886565959 0.6511284708976746 11
1744886565968 0.6485013961791992 12
1744886565977 0.6482357382774353 13
1744886565985 0.6468651294708252 14
1744886565994 0.6460774540901184 15
1744886566003 0.6458266973495483 16
1744886566012 0.6451101899147034 17
1744886566022 0.6436501145362854 18
