1744886565843 0.4642857015132904 0
1744886565856 0.581632673740387 1
1744886565870 0.6020408272743225 2
1744886565879 0.6224489808082581 3
1744886565888 0.6224489808082581 4
1744886565899 0.6224489808082581 5
1744886565908 0.6224489808082581 6
1744886565917 0.6071428656578064 7
1744886565926 0.6122449040412903 8
1744886565936 0.6173469424247742 9
1744886565945 0.6275510191917419 10
1744886565954 0.6326530575752258 11
1744886565964 0.6377550959587097 12
1744886565973 0.6275510191917419 13
1744886565981 0.6377550959587097 14
1744886565989 0.6428571343421936 15
1744886565999 0.6122449040412903 16
1744886566008 0.6224489808082581 17
1744886566017 0.6224489808082581 18
