1744711750169 0.4517766535282135 0
1744711750182 0.48730963468551636 1
1744711750192 0.48730963468551636 2
1744711750203 0.5279187560081482 3
1744711750213 0.5736040472984314 4
1744711750223 0.5888324975967407 5
1744711750232 0.5989847779273987 6
1744711750241 0.5939086079597473 7
1744711750250 0.5989847779273987 8
1744711750258 0.5939086079597473 9
1744711750266 0.5888324975967407 10
1744711750274 0.5939086079597473 11
1744711750281 0.5939086079597473 12
1744711750289 0.5939086079597473 13
1744711750299 0.5939086079597473 14
1744711750307 0.5939086079597473 15
