1744711750176 0.6937142014503479 0
1744711750187 0.6932517886161804 1
1744711750197 0.6929853558540344 2
1744711750208 0.6927335262298584 3
1744711750218 0.6923887729644775 4
1744711750228 0.6920322179794312 5
1744711750236 0.6917016506195068 6
1744711750245 0.6913051605224609 7
1744711750254 0.6909849643707275 8
1744711750262 0.6906014680862427 9
1744711750270 0.6902723908424377 10
1744711750277 0.6898500323295593 11
1744711750285 0.6893990635871887 12
1744711750294 0.689015805721283 13
1744711750303 0.6886940002441406 14
1744711750311 0.688256025314331 15
