1744712594601 0.5126903653144836 0
1744712594615 0.5634517669677734 1
1744712594628 0.5634517669677734 2
1744712594642 0.5685279369354248 3
1744712594655 0.5685279369354248 4
1744712594671 0.5736040472984314 5
1744712594685 0.5736040472984314 6
1744712594696 0.5837563276290894 7
1744712594710 0.5837563276290894 8
1744712594725 0.5888324975967407 9
1744712594740 0.5837563276290894 10
1744712594753 0.5786802172660828 11
1744712594765 0.5786802172660828 12
1744712594778 0.5837563276290894 13
1744712594790 0.5786802172660828 14
1744712594804 0.5786802172660828 15
1744712594816 0.5736040472984314 16
1744712594827 0.5736040472984314 17
1744712594839 0.5736040472984314 18
