1744712594608 0.692413330078125 0
1744712594621 0.6905848979949951 1
1744712594635 0.6893430352210999 2
1744712594649 0.6878823041915894 3
1744712594664 0.6865337491035461 4
1744712594678 0.685152530670166 5
1744712594691 0.6840918064117432 6
1744712594702 0.6823400259017944 7
1744712594716 0.6809914112091064 8
1744712594733 0.6798321008682251 9
1744712594746 0.6782315373420715 10
1744712594759 0.6772754788398743 11
1744712594772 0.675742506980896 12
1744712594784 0.6749798655509949 13
1744712594797 0.6738153696060181 14
1744712594810 0.6730009913444519 15
1744712594821 0.6721240282058716 16
1744712594833 0.6715691089630127 17
1744712594845 0.6705480813980103 18
