1744886582782 0.5 0
1744886582798 0.5153061151504517 1
1744886582807 0.4897959232330322 2
1744886582815 0.545918345451355 3
1744886582823 0.545918345451355 4
1744886582832 0.5408163070678711 5
1744886582841 0.545918345451355 6
1744886582850 0.5612244606018066 7
1744886582858 0.5663265585899353 8
1744886582867 0.5765306353569031 9
1744886582876 0.581632673740387 10
1744886582886 0.5918367505073547 11
1744886582895 0.5867347121238708 12
1744886582905 0.5867347121238708 13
1744886582915 0.5867347121238708 14
1744886582924 0.5867347121238708 15
1744886582934 0.5969387888908386 16
1744886582943 0.5918367505073547 17
1744886582953 0.5918367505073547 18
1744886582963 0.5918367505073547 19
1744886582974 0.5918367505073547 20
1744886582986 0.5918367505073547 21
1744886582996 0.5918367505073547 22
1744886583005 0.5918367505073547 23
