1744882283334 0.5025380849838257 0
1744882283361 0.5126903653144836 1
1744882283389 0.5431472063064575 2
1744882283410 0.5583756566047668 3
1744882283428 0.5482233762741089 4
1744882283445 0.5532994866371155 5
1744882283502 0.5431472063064575 6
1744882283535 0.5532994866371155 7
1744882283561 0.5583756566047668 8
1744882283590 0.5482233762741089 9
1744882283627 0.5736040472984314 10
1744882283649 0.5736040472984314 11
1744882283666 0.5634517669677734 12
1744882283685 0.5583756566047668 13
1744882283703 0.5634517669677734 14
1744882283722 0.5634517669677734 15
1744882283743 0.5634517669677734 16
1744882283763 0.5634517669677734 17
1744882283783 0.5634517669677734 18
1744882283802 0.5634517669677734 19
