1744282470029 0.7112671136856079 0
1744282470039 0.7085623741149902 1
1744282470049 0.7069674134254456 2
1744282470058 0.7051427960395813 3
1744282470067 0.7039510011672974 4
1744282470077 0.7029550671577454 5
1744282470086 0.7017631530761719 6
1744282470096 0.700585663318634 7
1744282470106 0.6994119882583618 8
1744282470116 0.6982715129852295 9
1744282470126 0.6969981789588928 10
1744282470136 0.6958547234535217 11
1744282470145 0.6946866512298584 12
1744282470156 0.693540632724762 13
1744282470166 0.6921468377113342 14
1744282470176 0.6911821365356445 15
1744282470185 0.690422534942627 16
1744282470195 0.6894137859344482 17
1744282470205 0.6886630058288574 18
1744282470214 0.6877169609069824 19
1744282470223 0.6869574785232544 20
1744282470234 0.6862503290176392 21
1744282470244 0.6855565309524536 22
1744282470253 0.6849371194839478 23
