1744282470024 0.5408163070678711 0
1744282470034 0.545918345451355 1
1744282470044 0.545918345451355 2
1744282470053 0.5561224222183228 3
1744282470063 0.5561224222183228 4
1744282470072 0.5561224222183228 5
1744282470082 0.5510203838348389 6
1744282470092 0.5561224222183228 7
1744282470101 0.5561224222183228 8
1744282470111 0.5561224222183228 9
1744282470121 0.5561224222183228 10
1744282470131 0.5510203838348389 11
1744282470140 0.5510203838348389 12
1744282470151 0.5561224222183228 13
1744282470161 0.5510203838348389 14
1744282470171 0.5357142686843872 15
1744282470181 0.5408163070678711 16
1744282470190 0.5408163070678711 17
1744282470200 0.5408163070678711 18
1744282470210 0.5306122303009033 19
1744282470218 0.5357142686843872 20
1744282470228 0.5357142686843872 21
1744282470239 0.545918345451355 22
1744282470248 0.5663265585899353 23
