1744712869999 0.4517766535282135 0
1744712870020 0.5126903653144836 1
1744712870033 0.4517766535282135 2
1744712870061 0.5126903653144836 3
1744712870076 0.5482233762741089 4
1744712870089 0.5634517669677734 5
1744712870105 0.5177664756774902 6
1744712870119 0.5685279369354248 7
1744712870133 0.5177664756774902 8
1744712870149 0.5532994866371155 9
1744712870162 0.5380710363388062 10
1744712870175 0.5532994866371155 11
1744712870188 0.5837563276290894 12
1744712870202 0.5736040472984314 13
1744712870215 0.5888324975967407 14
1744712870228 0.5482233762741089 15
1744712870242 0.5583756566047668 16
1744712870255 0.5583756566047668 17
1744712870267 0.5634517669677734 18
1744712870281 0.5634517669677734 19
1744712870294 0.5532994866371155 20
1744712870307 0.5837563276290894 21
1744712870322 0.5482233762741089 22
1744712870342 0.5837563276290894 23
1744712870355 0.5532994866371155 24
1744712870369 0.5532994866371155 25
1744712870382 0.5837563276290894 26
1744712870396 0.5786802172660828 27
1744712870410 0.5482233762741089 28
1744712870423 0.5786802172660828 29
