1744886258505 0.5612244606018066 0
1744886258517 0.5714285969734192 1
1744886258528 0.5867347121238708 2
1744886258538 0.5867347121238708 3
1744886258549 0.5612244606018066 4
1744886258560 0.5714285969734192 5
1744886258572 0.5867347121238708 6
1744886258582 0.5918367505073547 7
1744886258601 0.6020408272743225 8
1744886258611 0.6020408272743225 9
1744886258621 0.5867347121238708 10
1744886258631 0.5918367505073547 11
1744886258642 0.581632673740387 12
1744886258652 0.5867347121238708 13
1744886258662 0.5867347121238708 14
1744886258672 0.5969387888908386 15
1744886258682 0.5867347121238708 16
1744886258693 0.5867347121238708 17
1744886258704 0.5867347121238708 18
1744886258714 0.5867347121238708 19
1744886258735 0.5918367505073547 20
1744886258746 0.5969387888908386 21
