1744401316858 0.7192907333374023 0
1744401316870 0.670839786529541 1
1744401316882 0.6209020018577576 2
1744401316893 0.6753272414207458 3
1744401316904 0.638939380645752 4
1744401316915 0.6202432513237 5
1744401316926 0.6268332600593567 6
1744401316936 0.5999157428741455 7
1744401316947 0.6051755547523499 8
1744401316958 0.5913715958595276 9
1744401316969 0.6211021542549133 10
1744401316980 0.6045710444450378 11
1744401316996 0.6099243760108948 12
1744401317006 0.6149126887321472 13
1744401317017 0.5859115123748779 14
1744401317028 0.5746304988861084 15
