1744882018778 0.6926257014274597 0
1744882018803 0.6909285187721252 1
1744882018819 0.6898337602615356 2
1744882018834 0.6886407732963562 3
1744882018849 0.6880359053611755 4
1744882018864 0.6866002082824707 5
1744882018879 0.6857641935348511 6
1744882018895 0.6850743293762207 7
1744882018910 0.6840412020683289 8
1744882018925 0.6831510663032532 9
1744882018943 0.6824912428855896 10
1744882018959 0.6819583773612976 11
1744882018974 0.6804750561714172 12
1744882018989 0.6798749566078186 13
1744882019003 0.6788190603256226 14
1744882019019 0.6781460046768188 15
1744882019036 0.6771865487098694 16
1744882019051 0.6765063405036926 17
1744882019065 0.6753870248794556 18
