1744882018769 0.5736040472984314 0
1744882018795 0.5634517669677734 1
1744882018811 0.5634517669677734 2
1744882018826 0.5634517669677734 3
1744882018841 0.5634517669677734 4
1744882018857 0.5634517669677734 5
1744882018872 0.5634517669677734 6
1744882018887 0.5634517669677734 7
1744882018902 0.5634517669677734 8
1744882018918 0.5634517669677734 9
1744882018934 0.5634517669677734 10
1744882018951 0.5634517669677734 11
1744882018966 0.5634517669677734 12
1744882018981 0.5634517669677734 13
1744882018996 0.5634517669677734 14
1744882019011 0.5634517669677734 15
1744882019028 0.5634517669677734 16
1744882019043 0.5634517669677734 17
1744882019058 0.5634517669677734 18
