1744886917477 0.4693877696990967 0
1744886917500 0.5714285969734192 1
1744886917520 0.581632673740387 2
1744886917543 0.5969387888908386 3
1744886917568 0.5918367505073547 4
1744886917583 0.5765306353569031 5
1744886917614 0.5867347121238708 6
1744886917632 0.6071428656578064 7
1744886917646 0.6071428656578064 8
1744886917655 0.5969387888908386 9
1744886917666 0.5969387888908386 10
1744886917677 0.6020408272743225 11
1744886917692 0.5969387888908386 12
1744886917706 0.6071428656578064 13
1744886917717 0.5969387888908386 14
1744886917731 0.6020408272743225 15
1744886917745 0.6020408272743225 16
1744886917757 0.6122449040412903 17
1744886917768 0.6122449040412903 18
