1744882464308 0.5583756566047668 0
1744882464327 0.5634517669677734 1
1744882464351 0.5736040472984314 2
1744882464368 0.5685279369354248 3
1744882464461 0.5786802172660828 4
1744882464481 0.5786802172660828 5
1744882464511 0.5786802172660828 6
1744882464530 0.5786802172660828 7
1744882464551 0.5786802172660828 8
1744882464565 0.5786802172660828 9
1744882464579 0.5786802172660828 10
1744882464593 0.5786802172660828 11
1744882464607 0.5786802172660828 12
1744882464620 0.5786802172660828 13
1744882464633 0.5786802172660828 14
1744882464647 0.5786802172660828 15
1744882464660 0.5786802172660828 16
1744882464673 0.5786802172660828 17
1744882464686 0.5786802172660828 18
