1744396759879 0.49238577485084534 0
1744396759899 0.49238577485084534 1
1744396759910 0.5025380849838257 2
1744396759921 0.5076141953468323 3
1744396759939 0.5431472063064575 4
1744396759950 0.5532994866371155 5
1744396759969 0.5634517669677734 6
1744396759981 0.5888324975967407 7
1744396759990 0.5736040472984314 8
1744396760000 0.5786802172660828 9
1744396760009 0.5736040472984314 10
1744396760019 0.5583756566047668 11
1744396760028 0.5532994866371155 12
1744396760038 0.5583756566047668 13
1744396760047 0.5634517669677734 14
1744396760060 0.5736040472984314 15
1744396760069 0.5736040472984314 16
1744396760078 0.5736040472984314 17
1744396760088 0.5736040472984314 18
1744396760097 0.5736040472984314 19
1744396760105 0.5736040472984314 20
