1744886126929 0.6921318769454956 0
1744886126937 0.6897985339164734 1
1744886126946 0.6885854601860046 2
1744886126954 0.6864771246910095 3
1744886126962 0.6847917437553406 4
1744886126971 0.6831183433532715 5
1744886126979 0.6809331774711609 6
1744886126987 0.6788383722305298 7
1744886126995 0.6745635271072388 8
1744886127004 0.6743896007537842 9
1744886127012 0.6724516153335571 10
1744886127020 0.6689112782478333 11
1744886127028 0.6668022871017456 12
1744886127035 0.6649008989334106 13
1744886127047 0.6654204726219177 14
1744886127055 0.6627556085586548 15
1744886127063 0.6591963768005371 16
1744886127071 0.6571282148361206 17
1744886127080 0.6567220687866211 18
