1744886126924 0.5765306353569031 0
1744886126933 0.6071428656578064 1
1744886126941 0.6275510191917419 2
1744886126950 0.6071428656578064 3
1744886126958 0.6071428656578064 4
1744886126967 0.6071428656578064 5
1744886126975 0.581632673740387 6
1744886126983 0.5867347121238708 7
1744886126991 0.5918367505073547 8
1744886127000 0.5867347121238708 9
1744886127007 0.5867347121238708 10
1744886127016 0.5969387888908386 11
1744886127024 0.5918367505073547 12
1744886127031 0.5969387888908386 13
1744886127042 0.5969387888908386 14
1744886127051 0.6071428656578064 15
1744886127059 0.5918367505073547 16
1744886127067 0.6020408272743225 17
1744886127075 0.6020408272743225 18
