1744282023973 0.47448980808258057 0
1744282023985 0.47448980808258057 1
1744282023994 0.48469388484954834 2
1744282024003 0.545918345451355 3
1744282024012 0.5765306353569031 4
1744282024023 0.5663265585899353 5
1744282024033 0.5663265585899353 6
1744282024043 0.5714285969734192 7
1744282024053 0.5663265585899353 8
1744282024063 0.5561224222183228 9
1744282024072 0.581632673740387 10
1744282024083 0.5765306353569031 11
1744282024092 0.5663265585899353 12
1744282024102 0.5765306353569031 13
1744282024112 0.5765306353569031 14
