1744886816218 0.6923701167106628 0
1744886816231 0.6897937059402466 1
1744886816249 0.6868502497673035 2
1744886816260 0.6852365732192993 3
1744886816272 0.6830903887748718 4
1744886816286 0.6807854175567627 5
1744886816297 0.6785699725151062 6
1744886816308 0.6761247515678406 7
1744886816319 0.673474907875061 8
1744886816330 0.669904351234436 9
1744886816338 0.6669609546661377 10
1744886816346 0.6651089787483215 11
1744886816355 0.662708580493927 12
1744886816363 0.6601056456565857 13
1744886816372 0.658576488494873 14
1744886816380 0.6570404767990112 15
1744886816389 0.6553584337234497 16
1744886816397 0.6547321677207947 17
1744886816406 0.6535651683807373 18
1744886816414 0.6526079773902893 19
1744886816422 0.6512346267700195 20
1744886816430 0.6505223512649536 21
