1744886816205 0.5765306353569031 0
1744886816225 0.5765306353569031 1
1744886816243 0.5765306353569031 2
1744886816254 0.5918367505073547 3
1744886816266 0.6020408272743225 4
1744886816279 0.5918367505073547 5
1744886816292 0.5918367505073547 6
1744886816303 0.5867347121238708 7
1744886816313 0.5867347121238708 8
1744886816325 0.5867347121238708 9
1744886816334 0.5969387888908386 10
1744886816342 0.6224489808082581 11
1744886816350 0.6173469424247742 12
1744886816359 0.6275510191917419 13
1744886816368 0.6275510191917419 14
1744886816376 0.6122449040412903 15
1744886816384 0.6020408272743225 16
1744886816393 0.5969387888908386 17
1744886816401 0.6020408272743225 18
1744886816410 0.6071428656578064 19
1744886816418 0.6071428656578064 20
1744886816426 0.6020408272743225 21
