1744367680638 0.49238577485084534 0
1744367680647 0.5532994866371155 1
1744367680655 0.5329949259757996 2
1744367680663 0.5431472063064575 3
1744367680672 0.5532994866371155 4
1744367680681 0.5837563276290894 5
1744367680688 0.5736040472984314 6
1744367680696 0.5989847779273987 7
1744367680704 0.5888324975967407 8
1744367680711 0.5583756566047668 9
1744367680719 0.5786802172660828 10
1744367680727 0.5786802172660828 11
1744367680734 0.5685279369354248 12
1744367680742 0.5634517669677734 13
1744367680749 0.5837563276290894 14
1744367680756 0.5786802172660828 15
1744367680764 0.6091370582580566 16
1744367680771 0.5634517669677734 17
1744367680778 0.5685279369354248 18
1744367680785 0.5939086079597473 19
1744367680793 0.5939086079597473 20
1744367680800 0.5837563276290894 21
1744367680808 0.5837563276290894 22
