1744367680642 0.6927595734596252 0
1744367680651 0.6925123929977417 1
1744367680659 0.6922031044960022 2
1744367680667 0.6928340196609497 3
1744367680676 0.6924121975898743 4
1744367680685 0.6916698217391968 5
1744367680692 0.6918236613273621 6
1744367680700 0.6908077001571655 7
1744367680708 0.6911178231239319 8
1744367680715 0.6909923553466797 9
1744367680723 0.6910458207130432 10
1744367680731 0.6907408833503723 11
1744367680738 0.6903544664382935 12
1744367680746 0.6901364326477051 13
1744367680753 0.6899287104606628 14
1744367680760 0.6892170906066895 15
1744367680767 0.6890311241149902 16
1744367680775 0.6896190643310547 17
1744367680782 0.6886199116706848 18
1744367680789 0.689507782459259 19
1744367680797 0.6877418756484985 20
1744367680804 0.6885389685630798 21
1744367680811 0.6881120800971985 22
