1744282038275 0.4897959232330322 0
1744282038291 0.4897959232330322 1
1744282038303 0.4897959232330322 2
1744282038315 0.4948979616165161 3
1744282038327 0.4948979616165161 4
1744282038338 0.5051020383834839 5
1744282038359 0.5051020383834839 6
1744282038372 0.5 7
1744282038388 0.5 8
1744282038405 0.5102040767669678 9
1744282038426 0.5153061151504517 10
1744282038439 0.5204081535339355 11
1744282038452 0.5204081535339355 12
1744282038464 0.5204081535339355 13
1744282038475 0.5204081535339355 14
1744282038487 0.5204081535339355 15
1744282038500 0.5153061151504517 16
1744282038511 0.5204081535339355 17
1744282038524 0.5255101919174194 18
1744282038535 0.5255101919174194 19
1744282038546 0.5255101919174194 20
1744282038557 0.5153061151504517 21
1744282038568 0.5153061151504517 22
1744282038579 0.5255101919174194 23
