1744282038285 0.7077913880348206 0
1744282038297 0.7070176005363464 1
1744282038308 0.7064476013183594 2
1744282038320 0.7059522867202759 3
1744282038332 0.7054001688957214 4
1744282038344 0.7050111889839172 5
1744282038365 0.7044180035591125 6
1744282038379 0.703955352306366 7
1744282038399 0.7035642266273499 8
1744282038413 0.7030627727508545 9
1744282038433 0.702710747718811 10
1744282038445 0.7023824453353882 11
1744282038458 0.7019801735877991 12
1744282038469 0.7016240358352661 13
1744282038481 0.7010973691940308 14
1744282038493 0.7006624341011047 15
1744282038506 0.7001169323921204 16
1744282038518 0.6996647715568542 17
1744282038530 0.6991736888885498 18
1744282038540 0.6988118290901184 19
1744282038552 0.6982477307319641 20
1744282038562 0.6978520154953003 21
1744282038574 0.6975061297416687 22
1744282038585 0.6971877813339233 23
