1744401995586 0.5677083134651184 0
1744401995596 0.5416666865348816 1
1744401995607 0.5572916865348816 2
1744401995618 0.5625 3
1744401995628 0.5677083134651184 4
1744401995639 0.5989583134651184 5
1744401995650 0.6614583134651184 6
1744401995661 0.6041666865348816 7
1744401995671 0.625 8
1744401995683 0.6145833134651184 9
1744401995694 0.6145833134651184 10
1744401995705 0.6510416865348816 11
1744401995715 0.6302083134651184 12
1744401995725 0.6458333134651184 13
1744401995736 0.5833333134651184 14
1744401995746 0.6822916865348816 15
1744401995757 0.6302083134651184 16
1744401995767 0.6197916865348816 17
1744401995778 0.625 18
1744401995792 0.65625 19
1744401995802 0.6510416865348816 20
1744401995812 0.65625 21
1744401995823 0.6354166865348816 22
1744401995833 0.6666666865348816 23
1744401995843 0.6614583134651184 24
1744401995854 0.6510416865348816 25
1744401995864 0.6822916865348816 26
