1744401995591 0.7069652080535889 0
1744401995602 0.7131029963493347 1
1744401995612 0.70377117395401 2
1744401995623 0.694033682346344 3
1744401995633 0.6649735569953918 4
1744401995645 0.674680769443512 5
1744401995655 0.6383111476898193 6
1744401995666 0.6536643505096436 7
1744401995677 0.6431266665458679 8
1744401995688 0.6458800435066223 9
1744401995699 0.6462753415107727 10
1744401995710 0.6422914266586304 11
1744401995720 0.6386104822158813 12
1744401995730 0.6357831954956055 13
1744401995741 0.6616554260253906 14
1744401995751 0.6226243376731873 15
1744401995762 0.6271824240684509 16
1744401995773 0.6242961287498474 17
1744401995786 0.6153063774108887 18
1744401995797 0.6250176429748535 19
1744401995807 0.6075041890144348 20
1744401995818 0.6264782547950745 21
1744401995828 0.6360582709312439 22
1744401995838 0.6182501316070557 23
1744401995848 0.6142510175704956 24
1744401995859 0.6143465042114258 25
1744401995869 0.6072337627410889 26
