1743763390628 0.7253096103668213 0
1743763390637 0.6896321177482605 1
1743763390647 0.651482880115509 2
1743763390656 0.6687622666358948 3
1743763390665 0.6928941011428833 4
1743763390675 0.6866860389709473 5
1743763390683 0.6515510082244873 6
1743763390693 0.6792789697647095 7
1743763390702 0.6608195304870605 8
1743763390711 0.707558810710907 9
1743763390721 0.6566576361656189 10
1743763390730 0.6925918459892273 11
1743763390739 0.6765231490135193 12
1743763390749 0.6730504035949707 13
1743763390759 0.6672702431678772 14
1743763390769 0.649654746055603 15
1743763390778 0.7178173065185547 16
1743763390787 0.6691951751708984 17
