1743763390623 0.3478260934352875 0
1743763390633 0.6086956262588501 1
1743763390642 0.52173912525177 2
1743763390651 0.47826087474823 3
1743763390660 0.5652173757553101 4
1743763390671 0.52173912525177 5
1743763390679 0.6521739363670349 6
1743763390688 0.5652173757553101 7
1743763390698 0.52173912525177 8
1743763390707 0.3913043439388275 9
1743763390716 0.695652186870575 10
1743763390725 0.52173912525177 11
1743763390734 0.52173912525177 12
1743763390744 0.52173912525177 13
1743763390754 0.6521739363670349 14
1743763390764 0.695652186870575 15
1743763390774 0.43478259444236755 16
1743763390782 0.6086956262588501 17
